            0         1         2         3         4         5         6         7         8         9        10        11        12        13        14        15        16        17        18        19        20        21        22        23        24        25        26        27        28        29        30        31        32        33        34        35        36        37        38        39        40        41        42        43        44        45        46        47        48        49        50        51        52        53        54        55        56        57        58        59        60        61        62        63        64        65        66        67        68        69        70        71        72        73        74        75        76        77        78        79        80        81        82        83        84        85        86        87        88        89        90        91        92        93        94        95        96        97        98        99       100       101       102       103       104       105       106       107       108       109       110       111       112       113       114       115       116       117       118       119       120       121       122       123       124       125       126       127       128       129       130       131       132       133       134       135       136       137       138       139       140       141       142       143       144       145       146       147       148       149       150       151       152       153       154       155       156       157       158       159       160       161       162       163       164       165       166       167       168       169       170
0    1.000000  0.070467  0.096449  0.043337  0.057911  0.036510  0.068862  0.831710  0.973258  0.416968  0.874970  0.029070  0.028068  0.057874  0.026267  0.261523  0.990716  0.845938  0.621040  0.057692  0.091606  0.251600  0.176054  0.011762  0.219274  0.019953  0.022431  0.251371  0.175896  0.011767  0.219073  0.020012  0.022469  0.335429  0.350518  0.134576  0.344403 -0.017364 -0.015540  0.132222  0.126175  0.004220  0.128885 -0.003878 -0.002835  0.135574  0.138334  0.011618  0.136685 -0.004232 -0.003222  0.113478  0.094322 -0.022057  0.108679 -0.001912 -0.001391  0.078896  0.151593  0.045207  0.039135  0.033540  0.049194  0.078434  0.151427  0.045167  0.038975  0.033574  0.048870  0.148110  0.281517  0.203903  0.184941  0.031444  0.023366  0.016857  0.110054  0.057575  0.045824  0.038967  0.026800  0.016035  0.129468  0.071938  0.058469  0.038588  0.026032  0.019730  0.117237  0.042024  0.055107  0.017586  0.015461  0.249192  0.290419  0.136679  0.267874  0.025076  0.025712  0.057304  0.057210 -0.014004  0.057697 -0.007721 -0.008161 -0.017319  0.003601  0.016441 -0.013665  0.001053  0.002114  0.065020  0.060999 -0.024452  0.067417  0.002324  0.002708  0.016977  0.072796  0.083757  0.046813 -0.002747 -0.002283 -0.027169 -0.015982 -0.002692 -0.022395 -0.000881  0.000195  0.217571  0.312461  0.164836  0.165593  0.055393  0.060715  0.051903  0.070875 -0.003139  0.045555 -0.025354 -0.031886 -0.029225  0.143232  0.055272  0.025134  0.001093  0.004909 -0.051848  0.088982  0.043800  0.042463  0.011959  0.012088 -0.043627  0.101139  0.033499 -0.009141 -0.014105 -0.016306  0.001024  0.198126  0.174860  0.112756  0.019908  0.018993  1.000000  0.073003  0.057911  0.043337  0.073062  0.056732
1    0.070467  1.000000  0.256674  0.619842  0.031338  0.636125  0.169551  0.003085  0.032658  0.022310  0.004874  0.046411  0.092272  0.031322  0.008610  0.160819  0.065134  0.019342  0.109337  0.010018  0.010952 -0.018388  0.001702 -0.020876 -0.029264  0.015370  0.028947 -0.018405  0.001650 -0.020886 -0.029280  0.015374  0.028947  0.016734  0.103826  0.127523  0.019736 -0.011963 -0.012091 -0.049559 -0.032112 -0.011626 -0.052156 -0.005077 -0.003563 -0.050407 -0.045752 -0.021432 -0.053836 -0.006184 -0.004176 -0.094020  0.065042  0.047652 -0.067270 -0.016885 -0.019556  0.200129  0.032363 -0.040004  0.008483 -0.022371 -0.023886  0.200161  0.032261 -0.040058  0.008441 -0.022563 -0.024207  0.061960  0.116315  0.062011  0.048855 -0.030562 -0.035124  0.118483 -0.023455 -0.058566 -0.047052 -0.029682 -0.035551  0.118498 -0.040085 -0.067532 -0.051166 -0.031224 -0.037166  0.038125  0.026461 -0.060329 -0.025842 -0.036750 -0.041771 -0.013791  0.135082  0.076139 -0.003578  0.022500  0.031296  0.175927  0.190530  0.004831  0.188120  0.008108  0.002899  0.005560  0.297272  0.222618  0.055717 -0.001386  0.003148 -0.020924  0.218295  0.126488  0.147120  0.001906  0.002605 -0.005851  0.330574  0.153101  0.024255 -0.000945  0.003686 -0.024889  0.026771  0.011174 -0.017956 -0.004378 -0.001312  0.122965  0.075383  0.022977  0.038873  0.016426  0.017834  0.167937  0.170653  0.012506  0.162577  0.004960  0.004994  0.057301  0.205440  0.133860  0.136593  0.026137  0.026685  0.082071  0.145857 -0.008283  0.151378  0.029240  0.029687 -0.019979  0.109924  0.051049  0.024679  0.027826  0.028703  0.065927  0.043506  0.029519  0.058441 -0.003762 -0.004203  0.070467  0.480655  0.031338  0.619842  0.480537  0.190681
2    0.096449  0.256674  1.000000  0.150358  0.011806  0.156058  0.021965  0.088976  0.089420  0.012989  0.088869  0.305847  0.311597  0.011806 -0.002528  0.024531  0.097111  0.082681  0.062514  0.118742  0.127175 -0.093809 -0.196995 -0.195148 -0.175217  0.109524  0.112890 -0.093873 -0.197046 -0.195149 -0.175277  0.109787  0.113212  0.059783  0.077797  0.044846  0.061664 -0.036030 -0.036627  0.103381  0.041124 -0.139033  0.068444 -0.016725 -0.025621  0.101452  0.050810 -0.181371  0.075158 -0.014462 -0.022994 -0.189917 -0.193000 -0.147223 -0.238180 -0.095527 -0.101269 -0.011980 -0.254549 -0.302392 -0.302898 -0.105975 -0.100554 -0.012008 -0.254625 -0.302416 -0.302929 -0.106198 -0.100986  0.001781  0.068659  0.034704  0.023343 -0.234117 -0.238174 -0.044785 -0.005130 -0.027534 -0.042021 -0.172462 -0.177510 -0.034284  0.009064 -0.012657 -0.025636 -0.175653 -0.181018 -0.144208 -0.293349 -0.345383 -0.355787 -0.179076 -0.185715  0.032460  0.037458 -0.046801  0.011860  0.122191  0.130276  0.537979  0.582222  0.025526  0.574672  0.068925  0.070972  0.140176  0.230331  0.142921  0.169815  0.016471  0.018195  0.550349  0.652089  0.033376  0.666424  0.049843  0.050473  0.043124  0.153365  0.104158  0.069741  0.016150  0.018125 -0.026363 -0.059696 -0.090887 -0.070706 -0.020352 -0.017244  0.004501  0.042932  0.001287 -0.008862  0.087690  0.091571  0.530826  0.507143  0.086551  0.528032  0.019398  0.013236  0.128711  0.296926  0.249192  0.274194  0.083206  0.083284  0.587314  0.547546 -0.131580  0.675560  0.160596  0.160282  0.060776  0.178971  0.095747  0.122620  0.077075  0.076116 -0.003567  0.039663  0.046956  0.067433 -0.053011 -0.055025  0.096449  0.129413  0.011806  0.150358  0.129120  0.583213
3    0.043337  0.619842  0.150358  1.000000  0.005967  0.985764  0.322460 -0.026775  0.000338  0.009511 -0.026662  0.046692  0.076128  0.005948  0.017634  0.148727  0.041533  0.021987  0.113200 -0.005882 -0.008058 -0.043143 -0.022264 -0.015541 -0.045846  0.011558  0.017408 -0.043143 -0.022283 -0.015547 -0.045847  0.011587  0.017434 -0.008596  0.033499  0.056409 -0.007395 -0.005939 -0.006711 -0.061135 -0.048052 -0.008779 -0.061269 -0.004919 -0.006955 -0.061758 -0.058708 -0.017230 -0.064095 -0.005235 -0.006599 -0.104453  0.099746  0.089937 -0.050234 -0.013423 -0.015994  0.158625 -0.000794 -0.037297  0.006920 -0.025350 -0.027497  0.158658 -0.000853 -0.037340  0.006882 -0.025474 -0.027658  0.035216  0.064928  0.047541  0.043351 -0.037510 -0.038488  0.140611 -0.040395 -0.059021 -0.039127 -0.030267 -0.032894  0.139479 -0.052235 -0.067655 -0.044044 -0.032147 -0.034874  0.093816  0.001060 -0.062300  0.006741 -0.034587 -0.036606 -0.025707  0.142150  0.089371 -0.010712  0.012827  0.020141 -0.007714  0.010860  0.049485  0.007140  0.003915  0.001943 -0.036340  0.201319  0.170484  0.004490 -0.001375  0.001725 -0.143460  0.161033  0.202428  0.030015  0.002698  0.003016 -0.024704  0.356798  0.142536  0.002864  0.005790  0.010346 -0.022041  0.109916  0.065771  0.006481 -0.013915 -0.010621  0.162696  0.043495  0.018081  0.050811  0.004221  0.004604  0.006868  0.008208 -0.013070  0.003262  0.007842  0.007704  0.022002  0.045450  0.022124  0.024300  0.017722  0.017831  0.054974  0.049855 -0.031486  0.065527  0.018410  0.018780 -0.015014  0.033927  0.016498  0.001159  0.027353  0.028067  0.064439  0.027312  0.025197  0.050435 -0.008930 -0.009590  0.043337  0.734509  0.005967  1.000000  0.734440  0.010769
4    0.057911  0.031338  0.011806  0.005967  1.000000  0.006299  0.000884  0.066742  0.060950  0.006378  0.066909  0.012471  0.015697  1.000000  0.013356 -0.002891  0.013153  0.000660 -0.005648 -0.003799 -0.016838  0.015104  0.006138 -0.005869  0.009789  0.005045  0.006535  0.015097  0.006131 -0.005869  0.009782  0.005049  0.006542  0.011006  0.014719  0.011640  0.011615 -0.002954 -0.003156 -0.007820 -0.008387 -0.004460 -0.008671  0.000011 -0.000937 -0.008038 -0.009094 -0.005751 -0.008865 -0.000055 -0.000704  0.034697  0.038135  0.003240  0.037664 -0.002681 -0.003253 -0.003893 -0.002453 -0.010315 -0.012887 -0.007029 -0.011889 -0.003893 -0.002461 -0.010317 -0.012887 -0.007006 -0.011850 -0.001115  0.024655  0.002011 -0.000255 -0.009694 -0.008173 -0.005376 -0.009403 -0.014681 -0.016558 -0.010921 -0.012800 -0.004752 -0.010629 -0.015643 -0.017528 -0.012230 -0.014050 -0.015141  0.090712  0.006954  0.025770 -0.007845 -0.008312  0.054493  0.039054  0.000303  0.052947  0.007632  0.009362 -0.008312 -0.008551  0.001525 -0.008487 -0.000799 -0.000313 -0.003858  0.000500  0.003081 -0.003187  0.007527  0.006082 -0.021835 -0.004175  0.014873 -0.013045  0.005851  0.005931  0.020230  0.019812  0.010158  0.022283  0.001134  0.001804 -0.002872 -0.001732 -0.001427 -0.003717  0.008146  0.006313 -0.007555  0.102359  0.009247 -0.001171  0.002802  0.000030 -0.007659  0.098480  0.079254  0.008850  0.005730  0.007178 -0.012325  0.100567  0.012549  0.005271  0.003826  0.004172 -0.049639  0.050591  0.025934  0.007389  0.006782  0.006374 -0.013122  0.127603  0.036152  0.028923  0.004284  0.004591 -0.007602  0.112179  0.017768  0.000311 -0.001767 -0.002751  0.057911  0.672609  1.000000  0.005967  0.672825 -0.008657
5    0.036510  0.636125  0.156058  0.985764  0.006299  1.000000  0.202844 -0.027413 -0.002624  0.007464 -0.027476  0.043805  0.075587  0.006282  0.013214  0.135158  0.034829  0.015616  0.099530 -0.005243 -0.007520 -0.044891 -0.022372 -0.015354 -0.047615  0.011474  0.018034 -0.044891 -0.022391 -0.015360 -0.047615  0.011506  0.018063 -0.009633  0.035480  0.056171 -0.008809 -0.006427 -0.007258 -0.063364 -0.050930 -0.010402 -0.064979 -0.004741 -0.006766 -0.063762 -0.060856 -0.018060 -0.066630 -0.005113 -0.006636 -0.108857  0.095401  0.090368 -0.056583 -0.013141 -0.015989  0.157737  0.000824 -0.036972  0.006540 -0.024577 -0.026870  0.157771  0.000762 -0.037016  0.006503 -0.024720 -0.027045  0.035152  0.067622  0.048131  0.043301 -0.037002 -0.038143  0.144521 -0.041880 -0.061672 -0.041372 -0.030679 -0.033548  0.143890 -0.053566 -0.069775 -0.045485 -0.032633 -0.035614  0.080736 -0.000859 -0.061997 -0.001230 -0.035996 -0.038190 -0.026086  0.141510  0.089955 -0.011087  0.012834  0.020280 -0.004326  0.015802  0.053438  0.011805  0.003100  0.000680 -0.037233  0.199726  0.168412  0.002769 -0.001626  0.001253 -0.143326  0.164704  0.205887  0.034317  0.002842  0.003068 -0.025147  0.359277  0.145405  0.003275  0.005803  0.010282 -0.021614  0.104657  0.064367  0.006780 -0.013339 -0.010141  0.152153  0.043266  0.017977  0.048115  0.003998  0.004503  0.010992  0.012906 -0.011211  0.007567  0.006552  0.006374  0.024640  0.052490  0.027035  0.029424  0.017557  0.017726  0.057648  0.056467 -0.029645  0.071634  0.018653  0.019059 -0.013764  0.040159  0.020935  0.005213  0.028033  0.028745  0.057507  0.016810  0.015914  0.042597 -0.008364 -0.009107  0.036510  0.722796  0.006299  0.985764  0.722701  0.015740
6    0.068862  0.169551  0.021965  0.322460  0.000884  0.202844  1.000000 -0.010156  0.032224  0.030966 -0.008013  0.029619  0.032944  0.000837  0.066395  0.138344  0.062632  0.046160  0.121518 -0.012958 -0.014469 -0.007600 -0.006219 -0.008336 -0.008743  0.000067  0.000067 -0.007605 -0.006226 -0.008340 -0.008749  0.000047  0.000044  0.005594  0.012837  0.031315  0.008193 -0.001701 -0.001804 -0.014419  0.002774  0.012608  0.000569 -0.010952 -0.011810 -0.017175 -0.012491  0.000094 -0.013391 -0.011177 -0.010781 -0.014805  0.061145  0.031235  0.021191 -0.016453 -0.016594  0.157508  0.005056 -0.018784  0.027894 -0.021614 -0.022011  0.157523  0.005048 -0.018788  0.027885 -0.021573 -0.022029  0.023516  0.011287  0.010607  0.011767 -0.013773 -0.013454  0.046676 -0.001486 -0.005291  0.001594 -0.015528 -0.016323  0.038205 -0.013674 -0.017049 -0.010544 -0.016214 -0.016995  0.107733  0.019575 -0.023471  0.048648 -0.007527 -0.007255 -0.010908  0.045244  0.025730 -0.005494  0.006490  0.008389 -0.022207 -0.020371  0.007620 -0.021110  0.015601  0.017476 -0.013553  0.068465  0.068948  0.006176  0.002408  0.003381 -0.061773  0.041003  0.064473 -0.012114  0.000422  0.001229 -0.010038  0.098116  0.041834 -0.000657  0.005977  0.007305 -0.012582  0.042836  0.019170 -0.000690 -0.011387 -0.010112  0.116525  0.021069  0.004158  0.028692  0.002114  0.001497 -0.018267 -0.018757 -0.012995 -0.020553  0.012906  0.012664  0.000587 -0.009746 -0.013607 -0.012761  0.010068  0.009855  0.000617 -0.015804 -0.023395 -0.009631  0.011268  0.011270 -0.012662 -0.012827 -0.016232 -0.020541  0.010866  0.011334  0.106296  0.130491  0.116918  0.114191 -0.007134 -0.006895  0.068862  0.243091  0.000884  0.322460  0.243126 -0.020422
7    0.831710  0.003085  0.088976 -0.026775  0.066742 -0.027413 -0.010156  1.000000  0.866582 -0.003354  0.987411  0.017761  0.013629  0.066735  0.006751  0.074539  0.847332  0.717074  0.419289  0.062990  0.100513  0.272926  0.154052 -0.023254  0.219818  0.014690  0.013890  0.272757  0.153929 -0.023254  0.219662  0.014721  0.013919  0.275344  0.263866 -0.002653  0.274508 -0.000316 -0.000305  0.171953  0.146630 -0.022093  0.161505  0.010394  0.012336  0.177663  0.163944 -0.028599  0.172644  0.010283  0.012142  0.128685  0.052934 -0.069623  0.100836  0.001912  0.003121 -0.001414  0.125418  0.032802  0.004723  0.036018  0.053706 -0.001604  0.125280  0.032747  0.004634  0.036046  0.053366  0.044160  0.204340  0.126918  0.102867  0.026277  0.016617 -0.009794  0.127863  0.077423  0.060924  0.038518  0.029081 -0.008406  0.152567  0.095788  0.076957  0.038133  0.027863  0.000583  0.094963  0.037806  0.036597  0.019641  0.018155  0.301126  0.187597 -0.025971  0.287659  0.009806  0.008444  0.061463  0.060973 -0.016605  0.061602 -0.002827 -0.002515 -0.009669 -0.030084 -0.031272 -0.017530 -0.002767 -0.002674  0.109247  0.043702 -0.079625  0.081513 -0.003950 -0.003964  0.027737 -0.011405 -0.025058  0.016543 -0.007933 -0.008659 -0.022811 -0.038327 -0.026656 -0.032638  0.001120  0.000925  0.078709  0.243095  0.120579  0.096210  0.060329  0.066884  0.055361  0.069332 -0.005335  0.049167 -0.031654 -0.037360 -0.031093  0.142188  0.059874  0.028354 -0.002551  0.000997 -0.042921  0.084863  0.041847  0.044558  0.013467  0.013604 -0.039955  0.090700  0.033002 -0.006727 -0.020028 -0.023050 -0.011191  0.044557  0.033103  0.018230  0.023130  0.021475  0.831710  0.023735  0.066742 -0.026775  0.023788  0.060549
8    0.973258  0.032658  0.089420  0.000338  0.060950 -0.002624  0.032224  0.866582  1.000000  0.419673  0.909377  0.028469  0.026828  0.060913  0.027187  0.108734  0.976321  0.835173  0.502478  0.061946  0.098142  0.257951  0.173691  0.008270  0.221847  0.020596  0.022590  0.257792  0.173581  0.008279  0.221707  0.020655  0.022628  0.246283  0.253646  0.092269  0.252224 -0.016152 -0.014236  0.144297  0.134752  0.002056  0.139429 -0.002632 -0.001635  0.148285  0.148859  0.009105  0.148339 -0.003244 -0.002261  0.121514  0.085056 -0.031767  0.110013 -0.000458  0.000050  0.024304  0.145332  0.043449  0.020614  0.036948  0.053622  0.024143  0.145193  0.043392  0.020529  0.036980  0.053280  0.042133  0.204984  0.123620  0.098267  0.031538  0.023022 -0.002937  0.116758  0.064101  0.048825  0.041096  0.028761 -0.002699  0.138249  0.079910  0.062491  0.040967  0.028163  0.006569  0.116570  0.045984  0.050314  0.019477  0.017394  0.259543  0.272815  0.117247  0.273513  0.024350  0.025424  0.058062  0.057091 -0.017253  0.057800 -0.006530 -0.006880 -0.015129 -0.011099  0.003359 -0.014310  0.002742  0.002974  0.079522  0.052067 -0.041529  0.069517  0.002957  0.003248  0.019622  0.044865  0.065048  0.044219 -0.000936 -0.000814 -0.026046 -0.020569 -0.004516 -0.021461 -0.000225  0.000408  0.103891  0.298398  0.154952  0.128800  0.059438  0.065133  0.051854  0.071837 -0.000911  0.045959 -0.029441 -0.036310 -0.030812  0.147804  0.058309  0.026932 -0.000314  0.003673 -0.056379  0.089709  0.047856  0.041024  0.010150  0.010279 -0.042736  0.104921  0.036256 -0.006706 -0.017170 -0.019697 -0.007840  0.162646  0.141507  0.087361  0.022007  0.020894  0.973258  0.042530  0.060950  0.000338  0.042587  0.056592
9    0.416968  0.022310  0.012989  0.009511  0.006378  0.007464  0.030966 -0.003354  0.419673  1.000000  0.148725  0.029026  0.030984  0.006346  0.021933  0.051835  0.401842  0.335887  0.206195  0.015014  0.029172  0.071838  0.115481  0.089682  0.104265  0.019436  0.021762  0.071801  0.115478  0.089710  0.104249  0.019530  0.021827  0.020217  0.062608  0.288495  0.041458 -0.046886 -0.044698 -0.004066  0.024748  0.064320  0.009151 -0.037712 -0.039975 -0.005841  0.025672  0.104870  0.008512 -0.039251 -0.041535  0.039110  0.081076  0.065937  0.063619  0.002267  0.000849  0.045178  0.086391  0.043196  0.045260  0.016182  0.022459  0.045186  0.086356  0.043180  0.045252  0.016198  0.022394  0.002906  0.053318  0.021206  0.011540  0.025458  0.023686  0.003633  0.020213  0.000054 -0.002971  0.022949  0.016425  0.001004  0.023267  0.001183 -0.002673  0.024749  0.018729  0.014116  0.078402  0.040147  0.047755  0.014455  0.013731 -0.001189  0.166697  0.275746  0.058661  0.039076  0.040505  0.000759 -0.000991 -0.005414 -0.000586 -0.026375 -0.027045 -0.012981  0.023238  0.074652  0.006405  0.016846  0.016874 -0.018756  0.014280  0.044388 -0.002727  0.018353  0.019087 -0.008428  0.118421  0.245788  0.094936  0.018847  0.019043 -0.013165  0.017197  0.036001  0.008036 -0.012277 -0.010632  0.038480  0.155999  0.092989  0.079050  0.013314  0.015800 -0.000845  0.014842  0.004200 -0.002115 -0.009654 -0.012304 -0.015221  0.050312  0.010874  0.000454 -0.000587  0.000918 -0.052075  0.023470  0.028508 -0.007110 -0.008202 -0.008245 -0.019789  0.048925  0.011175 -0.007690 -0.004339 -0.004906 -0.002063  0.120854  0.107227  0.066809  0.005417  0.005791  0.416968  0.013326  0.006378  0.009511  0.013342 -0.001293
10   0.874970  0.004874  0.088869 -0.026662  0.066909 -0.027476 -0.008013  0.987411  0.909377  0.148725  1.000000  0.021504  0.017463  0.066898  0.008431  0.079704  0.888654  0.749101  0.438865  0.064266  0.103841  0.282611  0.172306 -0.007151  0.236031  0.017294  0.016595  0.282438  0.172184 -0.007146  0.235875  0.017340  0.016636  0.275492  0.271361  0.047960  0.278435 -0.008393 -0.008198  0.169736  0.149340 -0.010706  0.161762  0.003579  0.005303  0.175125  0.166768 -0.010004  0.172736  0.003208  0.004843  0.134307  0.064622 -0.058471  0.110421  0.002838  0.003896  0.006155  0.137997  0.039813  0.012663  0.038222  0.056892  0.005968  0.137856  0.039757  0.012573  0.038252  0.056551  0.044012  0.209881  0.128290  0.103064  0.030313  0.020342 -0.009226  0.130081  0.077018  0.060242  0.042022  0.031945 -0.008327  0.155140  0.095439  0.076201  0.042002  0.031172  0.003184  0.106093  0.044208  0.044087  0.022392  0.020867  0.297512  0.203605  0.011528  0.293278  0.015508  0.014153  0.060253  0.059469 -0.017180  0.060156 -0.008232 -0.008004 -0.011391 -0.026305 -0.018596 -0.015926  0.000064  0.000147  0.105839  0.044249 -0.072986  0.080002 -0.001040 -0.000948  0.026206  0.007533  0.016899  0.032974 -0.004905 -0.005648 -0.024504 -0.035917 -0.021214 -0.031532 -0.001530 -0.001498  0.082294  0.261303  0.132088  0.106147  0.061284  0.068311  0.054006  0.069986 -0.005117  0.047647 -0.033091 -0.038984 -0.033247  0.148129  0.060701  0.027950 -0.002942  0.000766 -0.051006  0.086455  0.045820  0.042000  0.011822  0.011947 -0.042519  0.096524  0.033928 -0.008123 -0.020685 -0.023803 -0.011504  0.052298  0.039507  0.022096  0.023696  0.022122  0.874970  0.024084  0.066909 -0.026662  0.024139  0.059005
11   0.029070  0.046411  0.305847  0.046692  0.012471  0.043805  0.029619  0.017761  0.028469  0.029026  0.021504  1.000000  0.969239  0.012475 -0.002662  0.000069  0.027982  0.020555  0.008587  0.209872  0.213201 -0.053431 -0.230508 -0.270430 -0.176918  0.336052  0.348789 -0.053458 -0.230531 -0.270425 -0.176951  0.336390  0.349077  0.017434  0.020798  0.029422  0.019543 -0.044887 -0.045413  0.012716 -0.057713 -0.176083 -0.025420 -0.020222 -0.031474  0.011781 -0.055901 -0.248899 -0.023084 -0.021727 -0.032318 -0.093926 -0.137108 -0.181639 -0.142360 -0.097881 -0.102986  0.014891 -0.285627 -0.308761 -0.293482 -0.060749 -0.056788  0.014868 -0.285649 -0.308754 -0.293492 -0.061218 -0.057400 -0.007672  0.006712  0.001698 -0.000457 -0.217048 -0.217318  0.045666 -0.080652 -0.093881 -0.089707 -0.142197 -0.145535  0.037381 -0.094830 -0.109597 -0.106199 -0.142963 -0.145910 -0.092807 -0.216267 -0.258217 -0.255995 -0.159165 -0.165685  0.003640 -0.008393 -0.064935 -0.014707  0.310352  0.328925  0.153789  0.166669  0.010239  0.164306  0.076301  0.078617  0.026752  0.055547  0.050441  0.040214  0.029218  0.029649  0.172423  0.234030  0.024119  0.218390  0.038923  0.038887  0.010852  0.047685  0.046383  0.027649  0.031645  0.032092 -0.001966 -0.054138 -0.096470 -0.044409 -0.051735 -0.047878  0.015205 -0.004243 -0.027882 -0.029335  0.105147  0.106173  0.150410  0.163012  0.050843  0.153404 -0.009095 -0.016941  0.026827  0.109788  0.080322  0.092615  0.060033  0.060165  0.196475  0.218371 -0.043067  0.254431  0.088448  0.088120  0.030373  0.115144  0.063895  0.084079  0.037871  0.036492 -0.010791  0.022897  0.024685  0.022366 -0.027107 -0.028175  0.029070  0.054142  0.012471  0.046692  0.053993  0.167226
12   0.028068  0.092272  0.311597  0.076128  0.015697  0.075587  0.032944  0.013629  0.026828  0.030984  0.017463  0.969239  1.000000  0.015704 -0.001298  0.002381  0.026005  0.015710  0.006006  0.204577  0.208162 -0.057343 -0.224884 -0.264412 -0.177863  0.328113  0.359168 -0.057368 -0.224913 -0.264409 -0.177894  0.328468  0.359503  0.015221  0.033806  0.045918  0.017399 -0.046871 -0.048176  0.004647 -0.057489 -0.167528 -0.030092 -0.020873 -0.033336  0.003756 -0.060277 -0.241950 -0.029894 -0.022494 -0.034236 -0.101920 -0.109219 -0.155424 -0.137411 -0.097352 -0.102880  0.026741 -0.276009 -0.304632 -0.287132 -0.055952 -0.051871  0.026722 -0.276040 -0.304627 -0.287140 -0.056311 -0.052414 -0.004162  0.015944  0.002052 -0.002486 -0.211960 -0.212766  0.064388 -0.076943 -0.094379 -0.088170 -0.136215 -0.140511  0.054337 -0.096648 -0.113826 -0.107789 -0.136828 -0.140727 -0.076689 -0.197622 -0.255628 -0.244562 -0.155014 -0.162025  0.000558  0.002207 -0.052894 -0.015474  0.304440  0.328065  0.148640  0.160189  0.006018  0.158235  0.081479  0.082085  0.020694  0.062970  0.057300  0.034584  0.025042  0.026917  0.152766  0.242565  0.045682  0.214002  0.040093  0.039650  0.007168  0.066766  0.057885  0.026277  0.033683  0.035285 -0.004795 -0.049715 -0.090551 -0.044557 -0.058176 -0.052631  0.021232  0.004769 -0.024771 -0.026664  0.103492  0.104880  0.144607  0.161087  0.048717  0.146767 -0.009338 -0.017075  0.020817  0.123429  0.084282  0.092980  0.061265  0.061533  0.184648  0.220640 -0.041502  0.252120  0.088504  0.088266  0.026964  0.130079  0.068797  0.085035  0.041479  0.040018 -0.007014  0.025066  0.024697  0.023713 -0.024632 -0.026501  0.028068  0.081458  0.015697  0.076128  0.081273  0.160652
13   0.057874  0.031322  0.011806  0.005948  1.000000  0.006282  0.000837  0.066735  0.060913  0.006346  0.066898  0.012475  0.015704  1.000000  0.012642 -0.002892  0.013127  0.000638 -0.005664 -0.003806 -0.016843  0.015087  0.006118 -0.005877  0.009772  0.005049  0.006536  0.015080  0.006112 -0.005876  0.009765  0.005053  0.006543  0.011007  0.014720  0.011641  0.011616 -0.002951 -0.003154 -0.007826 -0.008397 -0.004465 -0.008677  0.000013 -0.000937 -0.008041 -0.009104 -0.005759 -0.008869 -0.000052 -0.000707  0.034691  0.038123  0.003239  0.037657 -0.002682 -0.003259 -0.003895 -0.002467 -0.010319 -0.012893 -0.007033 -0.011891 -0.003895 -0.002475 -0.010321 -0.012893 -0.007010 -0.011852 -0.001115  0.024656  0.002012 -0.000255 -0.009699 -0.008178 -0.005374 -0.009412 -0.014686 -0.016569 -0.010926 -0.012802 -0.004751 -0.010638 -0.015647 -0.017538 -0.012233 -0.014049 -0.015140  0.090694  0.006949  0.025759 -0.007847 -0.008313  0.054487  0.039038  0.000291  0.052938  0.007635  0.009364 -0.008320 -0.008559  0.001527 -0.008495 -0.000790 -0.000302 -0.003855  0.000499  0.003079 -0.003184  0.007525  0.006080 -0.021827 -0.004180  0.014868 -0.013044  0.005848  0.005928  0.020232  0.019790  0.010151  0.022284  0.001138  0.001808 -0.002869 -0.001731 -0.001428 -0.003716  0.008135  0.006302 -0.007558  0.102342  0.009239 -0.001177  0.002800  0.000029 -0.007667  0.098470  0.079257  0.008844  0.005727  0.007176 -0.012321  0.100549  0.012546  0.005272  0.003828  0.004175 -0.049627  0.050583  0.025930  0.007391  0.006783  0.006376 -0.013117  0.127587  0.036151  0.028927  0.004285  0.004591 -0.007601  0.112171  0.017765  0.000309 -0.001763 -0.002749  0.057874  0.672595  1.000000  0.005948  0.672811 -0.008665
14   0.026267  0.008610 -0.002528  0.017634  0.013356  0.013214  0.066395  0.006751  0.027187  0.021933  0.008431 -0.002662 -0.001298  0.012642  1.000000  0.000743  0.019477  0.019477  0.013772  0.006415  0.004171  0.012085  0.011585  0.003633  0.011493 -0.002744  0.001920  0.012088  0.011586  0.003633  0.011495 -0.002740  0.001920 -0.000587 -0.000737 -0.000566 -0.000629 -0.001336 -0.001499  0.008998  0.014099  0.008088  0.009550  0.000324  0.001862  0.006438  0.011641  0.010708  0.007179  0.000782  0.006242  0.007551  0.010752  0.000040  0.007867  0.002933  0.007750  0.003237  0.004964  0.001329  0.005448  0.003375  0.001544  0.003238  0.004965  0.001329  0.005448  0.003377  0.001528 -0.000413 -0.000841 -0.000411 -0.000177  0.006563  0.006810 -0.000902  0.012815  0.008616  0.017739  0.005281  0.003889 -0.001171  0.011320  0.007236  0.015618  0.002346  0.000402 -0.000028  0.014331  0.003962  0.011268  0.002481  0.001367  0.002676  0.009479  0.007455  0.003619 -0.003628 -0.001793  0.004767  0.004631 -0.001606  0.004674 -0.011939 -0.014355 -0.003513 -0.002492 -0.001082 -0.003278  0.004109  0.004244 -0.002330  0.002481 -0.001039 -0.001199  0.002578  0.002243 -0.001930  0.016122  0.003294 -0.002341 -0.005059 -0.005673 -0.003086 -0.002960 -0.001332 -0.002602  0.013557  0.013664  0.003139  0.014547  0.006287  0.004467  0.000800  0.000632  0.004222  0.007100 -0.001784  0.003484  0.005089  0.004674 -0.004143  0.013754  0.001720 -0.002450 -0.002330 -0.002580 -0.011263  0.007365  0.004201 -0.003094 -0.003423 -0.003518 -0.005082  0.009997 -0.000686 -0.005299 -0.001017 -0.000869 -0.000417  0.005430  0.001115  0.001511 -0.004836 -0.003878  0.026267  0.021514  0.013356  0.017634  0.021528  0.004579
15   0.261523  0.160819  0.024531  0.148727 -0.002891  0.135158  0.138344  0.074539  0.108734  0.051835  0.079704  0.000069  0.002381 -0.002892  0.000743  1.000000  0.231100  0.080783  0.710402  0.001224  0.000744  0.028188  0.026223  0.005541  0.026025 -0.002767 -0.001847  0.027994  0.026082  0.005524  0.025850 -0.002754 -0.001835  0.256613  0.283134  0.170449  0.270342 -0.005731 -0.006171 -0.006457 -0.004439  0.000337 -0.006377 -0.010423 -0.009713 -0.007408 -0.006303  0.000355 -0.007381 -0.009858 -0.009664 -0.003301  0.049245  0.028197  0.018402 -0.015981 -0.015969  0.340570  0.058603  0.011332  0.110861 -0.002311 -0.002512  0.339836  0.058471  0.011312  0.110607 -0.002300 -0.002495  0.384560  0.268086  0.274494  0.296242  0.004010  0.004194  0.165374  0.002382 -0.008732  0.017373 -0.002901 -0.002598  0.159528  0.003257 -0.008738  0.019274 -0.002503 -0.002261  0.104053  0.014637 -0.017214  0.048636 -0.002739 -0.002914  0.024639  0.080874  0.056792  0.036390  0.000444 -0.000254  0.003327  0.007208  0.012032  0.006354  0.002173  0.004400 -0.009580  0.048821  0.036961 -0.002004 -0.011532 -0.009541 -0.029964  0.032771  0.040940  0.007809 -0.005476 -0.005357  0.024379  0.113296  0.054795  0.033038 -0.013882 -0.013072 -0.009062  0.013193  0.010625 -0.004244  0.000698 -0.000309  0.615326  0.075587  0.026626  0.164078 -0.000574 -0.000684  0.006078 -0.003631 -0.018890  0.002198  0.003430  0.003269  0.016986 -0.018541 -0.021246 -0.013181  0.003019  0.002842  0.028664 -0.005748 -0.031610  0.011637  0.001643  0.001646 -0.006371 -0.028798 -0.026942 -0.026000  0.004685  0.004773  0.073897 -0.000317 -0.004126  0.021369 -0.007089 -0.007014  0.261523  0.115089 -0.002891  0.148727  0.115149  0.007132
16   0.990716  0.065134  0.097111  0.041533  0.013153  0.034829  0.062632  0.847332  0.976321  0.401842  0.888654  0.027982  0.026005  0.013127  0.019477  0.231100  1.000000  0.858722  0.605630  0.058612  0.093727  0.243658  0.167656  0.008704  0.211316  0.020099  0.021743  0.243459  0.167517  0.008709  0.211140  0.020159  0.021782  0.295863  0.309309  0.127197  0.304619 -0.016188 -0.014411  0.136813  0.128715  0.002008  0.133018 -0.002827 -0.001970  0.140889  0.142138  0.008513  0.141649 -0.003109 -0.002290  0.109768  0.087065 -0.025529  0.103670 -0.001891 -0.001388  0.079084  0.145732  0.041957  0.035952  0.034089  0.050279  0.078741  0.145588  0.041920  0.035830  0.034121  0.049957  0.121487  0.236472  0.160707  0.141360  0.029192  0.020869  0.018911  0.112134  0.061177  0.049309  0.039276  0.027622  0.018139  0.132945  0.076525  0.062820  0.039024  0.026940  0.020084  0.108720  0.040143  0.051378  0.017745  0.016047  0.248881  0.287746  0.132927  0.266486  0.024392  0.024853  0.056598  0.056542 -0.013808  0.057020 -0.008467 -0.008589 -0.017454  0.000613  0.012694 -0.014836  0.002304  0.003101  0.068398  0.060879 -0.027539  0.068802  0.002703  0.003042  0.014458  0.066161  0.077267  0.041883 -0.002039 -0.001697 -0.026619 -0.015852 -0.003223 -0.022289 -0.001206 -0.000330  0.194418  0.297921  0.160472  0.156570  0.057263  0.062675  0.051270  0.066459 -0.004647  0.044938 -0.027648 -0.034142 -0.027915  0.135988  0.054089  0.024898  0.000670  0.004536 -0.045988  0.085412  0.040367  0.042998  0.011986  0.012148 -0.042577  0.093202  0.031310 -0.010070 -0.015190 -0.017726  0.002393  0.158434  0.139569  0.091336  0.021271  0.020180  0.990716  0.041618  0.013153  0.041533  0.041673  0.056055
17   0.845938  0.019342  0.082681  0.021987  0.000660  0.015616  0.046160  0.717074  0.835173  0.335887  0.749101  0.020555  0.015710  0.000638  0.019477  0.080783  0.858722  1.000000  0.713799  0.078321  0.097319  0.186693  0.136932  0.015732  0.168674  0.018609  0.018676  0.186542  0.136829  0.015737  0.168541  0.018694  0.018742  0.228719  0.227774  0.043339  0.231253 -0.011876 -0.009966  0.187762  0.172318 -0.003497  0.182037  0.001993  0.002655  0.195364  0.192672  0.000766  0.195474  0.001531  0.002305  0.134187  0.088367 -0.042532  0.120318 -0.004709 -0.004204  0.032688  0.100839  0.047450  0.039514  0.049770  0.058174  0.032294  0.100730  0.047426  0.039384  0.049810  0.058039  0.094603  0.197020  0.160597  0.150171  0.023620  0.019726 -0.015537  0.148586  0.127461  0.117321  0.060088  0.052840 -0.015923  0.178079  0.155475  0.143838  0.060383  0.052886  0.028642  0.104877  0.071157  0.078502  0.036203  0.035055  0.213158  0.293953  0.163394  0.233711  0.017903  0.017735  0.050358  0.047855 -0.020915  0.048924 -0.005861 -0.006358 -0.027291 -0.025237 -0.012062 -0.030688  0.000219  0.000727  0.062684  0.037287 -0.047025  0.050833 -0.000232  0.000148  0.022152  0.035628  0.030366  0.030728 -0.007957 -0.008332 -0.034420 -0.021194 -0.002723 -0.029850  0.004596  0.005128  0.161680  0.258000  0.186811  0.190420  0.070620  0.073366  0.043560  0.038018 -0.026101  0.034786 -0.056326 -0.061296 -0.037899  0.066575  0.038037  0.011907 -0.007676 -0.005552 -0.016870  0.063530  0.038757  0.036171  0.002990  0.003109 -0.054399  0.036930  0.019372 -0.022836 -0.032250 -0.034117 -0.007763  0.111409  0.106613  0.070758  0.021955  0.021809  0.845938  0.018080  0.000660  0.021987  0.018142  0.047209
18   0.621040  0.109337  0.062514  0.113200 -0.005648  0.099530  0.121518  0.419289  0.502478  0.206195  0.438865  0.008587  0.006006 -0.005664  0.013772  0.710402  0.605630  0.713799  1.000000  0.058474  0.062381  0.114027  0.093198  0.018345  0.108000  0.008486  0.008314  0.113812  0.093047  0.018335  0.107810  0.008555  0.008373  0.299919  0.312743  0.115954  0.308880 -0.009961 -0.009216  0.138264  0.126728 -0.003774  0.133963 -0.004715 -0.003708  0.143914  0.141366 -0.001732  0.143879 -0.004667 -0.003902  0.094568  0.092997 -0.013722  0.098056 -0.015304 -0.014893  0.247704  0.086057  0.040831  0.108391  0.036429  0.038092  0.246897  0.085909  0.040807  0.108121  0.036467  0.038101  0.327547  0.301000  0.300520  0.314275  0.014674  0.014208  0.094972  0.113614  0.105610  0.119743  0.045197  0.043337  0.090618  0.136836  0.129120  0.143901  0.045896  0.043900  0.098550  0.074780  0.046686  0.098044  0.029986  0.029266  0.129041  0.238908  0.156156  0.151861  0.007856  0.006837  0.031500  0.031672 -0.007613  0.031986 -0.001701 -0.000613 -0.027917  0.008843  0.009028 -0.027034 -0.009298 -0.007701  0.014797  0.035931 -0.008824  0.029251 -0.005344 -0.005000  0.035474  0.091748  0.039007  0.039242 -0.017691 -0.017734 -0.031613 -0.006388  0.005994 -0.025727  0.005315  0.004660  0.535815  0.191250  0.143619  0.252016  0.049076  0.049544  0.028564  0.008517 -0.040603  0.019036 -0.046262 -0.048434 -0.015796  0.000563  0.002395 -0.006725 -0.006738 -0.006451  0.024743  0.024438 -0.000636  0.028154 -0.001544 -0.001514 -0.043974 -0.023759 -0.013464 -0.039113 -0.025056 -0.025544  0.044528  0.043141  0.043340  0.046834  0.008240  0.008502  0.621040  0.085596 -0.005648  0.113200  0.085681  0.031141
19   0.057692  0.010018  0.118742 -0.005882 -0.003799 -0.005243 -0.012958  0.062990  0.061946  0.015014  0.064266  0.209872  0.204577 -0.003806  0.006415  0.001224  0.058612  0.078321  0.058474  1.000000  0.989930  0.066095 -0.037367 -0.109243  0.001865  0.082529  0.084839  0.066095 -0.037376 -0.109242  0.001857  0.082752  0.085060  0.011785  0.015738  0.012641  0.012443 -0.029074 -0.029726  0.148723  0.104767 -0.077552  0.126451 -0.010552 -0.008160  0.147996  0.113909 -0.109335  0.131206 -0.012553 -0.010646  0.126111  0.019911 -0.148118  0.073573 -0.047871 -0.047576 -0.010018 -0.069363 -0.083943 -0.086674  0.548650  0.550339 -0.009999 -0.069380 -0.083951 -0.086676  0.544641  0.546194 -0.005022  0.011563  0.002167 -0.001187  0.092839  0.091895 -0.001697  0.092131  0.085123  0.081854  0.230934  0.225692 -0.001279  0.102190  0.095580  0.092034  0.231302  0.226308  0.007902  0.009824 -0.006358  0.002141  0.022890  0.015630  0.006674 -0.016610 -0.054882 -0.009522  0.089720  0.091292  0.111537  0.116240 -0.009583  0.115451  0.007224  0.008808  0.013335  0.005335 -0.009406  0.011462  0.000852  0.000765  0.108513  0.063582 -0.074661  0.094396 -0.007295 -0.007892  0.011111  0.002633 -0.003769  0.009584 -0.004623 -0.005075 -0.027577 -0.058264 -0.057572 -0.050515 -0.001040  0.000368  0.015343  0.014069  0.002773  0.003243  0.441511  0.443967  0.106014  0.101266  0.019865  0.105689 -0.200812 -0.206599  0.001530  0.051214  0.049576  0.044496 -0.052792 -0.052198  0.082790  0.110693  0.019254  0.115637 -0.034263 -0.034161 -0.009138  0.035496  0.031741  0.019920 -0.206591 -0.209085 -0.004725  0.009071  0.011128  0.009278  0.143573  0.143411  0.057692 -0.006593 -0.003799 -0.005882 -0.006584  0.116867
20   0.091606  0.010952  0.127175 -0.008058 -0.016838 -0.007520 -0.014469  0.100513  0.098142  0.029172  0.103841  0.213201  0.208162 -0.016843  0.004171  0.000744  0.093727  0.097319  0.062381  0.989930  1.000000  0.097089 -0.017844 -0.108677  0.028443  0.084971  0.087420  0.097072 -0.017865 -0.108676  0.028420  0.085151  0.087597  0.039330  0.043395  0.024469  0.040845 -0.030855 -0.031566  0.156526  0.112377 -0.075971  0.134367 -0.010469 -0.008725  0.155822  0.122174 -0.106672  0.139388 -0.012365 -0.011135  0.133009  0.024427 -0.149087  0.080325 -0.046525 -0.046340 -0.010654 -0.051644 -0.079628 -0.086575  0.545324  0.554879 -0.010635 -0.051674 -0.079640 -0.086578  0.541346  0.550680 -0.005109  0.028129  0.007312  0.000422  0.094643  0.091752 -0.002331  0.098598  0.084224  0.078615  0.232132  0.226058 -0.001814  0.109560  0.094548  0.088422  0.232280  0.226553  0.005152  0.015070 -0.005553 -0.000435  0.023174  0.016291  0.016598 -0.009962 -0.052697  0.000852  0.092931  0.094476  0.117540  0.122487 -0.009844  0.121676  0.006344  0.007968  0.014866  0.005514 -0.008995  0.013295  0.000894  0.001175  0.118941  0.070568 -0.077855  0.103973 -0.006314 -0.006937  0.013828  0.005150  0.002166  0.014993 -0.002809 -0.003381 -0.028122 -0.059517 -0.058456 -0.051272 -0.004476 -0.002503  0.014080  0.027976  0.007677  0.005069  0.441645  0.446888  0.111932  0.105438  0.016272  0.109924 -0.200181 -0.206076  0.000062  0.067382  0.054689  0.046920 -0.051060 -0.050176  0.076866  0.117209  0.022100  0.119420 -0.031123 -0.031105 -0.010715  0.043215  0.033456  0.019326 -0.204124 -0.206747 -0.005748 -0.000665  0.006894  0.007592  0.143372  0.143714  0.091606 -0.016888 -0.016838 -0.008058 -0.016878  0.123031
21   0.251600 -0.018388 -0.093809 -0.043143  0.015104 -0.044891 -0.007600  0.272926  0.257951  0.071838  0.282611 -0.053431 -0.057343  0.015087  0.012085  0.028188  0.243658  0.186693  0.114027  0.066095  0.097089  1.000000  0.666293  0.052086  0.871845  0.031618  0.030239  1.000000  0.666242  0.052094  0.871809  0.031652  0.030267  0.199010  0.200598  0.073617  0.204119 -0.000620 -0.000476  0.342975  0.300619 -0.024655  0.326421  0.013182  0.016521  0.332280  0.314083 -0.027084  0.326670  0.011243  0.014502  0.526390  0.353300 -0.116190  0.479624  0.010757  0.012833 -0.000960  0.382903  0.309536  0.273631  0.162892  0.178548 -0.001005  0.382815  0.309488  0.273598  0.162931  0.178089  0.007756  0.142911  0.071759  0.049340  0.247838  0.237648 -0.020733  0.257524  0.214892  0.197886  0.188217  0.180652 -0.019560  0.287087  0.240791  0.221813  0.188698  0.180396  0.043004  0.335786  0.318047  0.278708  0.151789  0.148357  0.068113  0.022156 -0.030578  0.059569 -0.044875 -0.046877 -0.040071 -0.050225 -0.027699 -0.047684  0.005936  0.006564 -0.026305 -0.052979 -0.038499 -0.035327 -0.005877 -0.006214 -0.033587 -0.142969 -0.134074 -0.095798  0.000486  0.000446  0.040549 -0.001360  0.004412  0.042828 -0.012456 -0.013605 -0.041283 -0.067385 -0.046069 -0.058027 -0.005450 -0.005746  0.030753  0.149149  0.091775  0.079415  0.006515  0.013270 -0.045292 -0.036356 -0.038285 -0.053932 -0.057697 -0.061306 -0.057350  0.101649  0.032456 -0.001780 -0.058982 -0.056588 -0.175469 -0.027494  0.095441 -0.097150 -0.072371 -0.072275 -0.064664  0.088009  0.055525 -0.000067 -0.083336 -0.085254 -0.010724  0.036958  0.026424  0.011166  0.035533  0.035042  0.251600 -0.023732  0.015104 -0.043143 -0.023665 -0.051261
