          0         1         2         3         4         5         6         7         8         9         10        11        12        13        14        15        16        17        18        19        20        21        22        23        24        25        26        27        28        29        30        31        32        33        34        35        36        37        38        39        40        41        42        43        44        45        46        47        48        49        50        51        52        53        54        55        56        57        58        59        60        61        62        63        64        65        66        67        68        69        70        71        72        73        74        75        76        77        78        79        80        81        82        83        84        85        86        87        88        89        90        91        92        93        94        95        96        97        98        99        100       101       102       103       104       105       106       107       108       109       110       111       112       113       114       115       116       117       118       119       120           121       122       123       124       125       126       127       128       129       130       131       132       133       134       135       136       137       138       139       140       141       142       143       144       145       146       147       148       149       150       151       152       153       154       155       156       157       158       159       160           161       162       163       164       165       166       167       168       169
0    1.000000  0.056769 -0.006253 -0.057686 -0.048139  0.000036  0.122755 -0.046999  0.105933  0.012404 -0.097722 -0.028008  0.039862  0.033987  0.005026  0.017651 -0.035722 -0.008344 -0.045002  0.010275  0.007805  0.017024  0.048101 -0.013591  0.005797  0.019626 -0.007630  0.014834  0.025318  0.007110 -0.008166  0.002487  0.002630  0.001645  0.012393 -0.017922 -0.037952 -0.009964  0.020915  0.022361  0.007587 -0.030638 -0.026489  0.024559  0.006171 -0.032205 -0.000250 -0.005991 -0.005451  0.002395 -0.009483 -0.019855  0.021354 -0.018001  0.053357 -0.000369 -0.018677 -0.012602  0.007396 -0.012688  0.010216  0.044536  0.033887 -0.000837  0.003115  0.007495  0.024130 -0.021122 -0.003423 -0.029743 -0.011590  0.027312 -0.000548 -0.053298  0.019177 -0.031234 -0.002047  0.001778  0.015248  0.018830 -0.028950  0.014328 -0.006929  0.005374 -0.008767  0.087597  0.005605  0.001818  0.019557  0.000594  0.004133  0.012513 -0.020330 -0.011882  0.046514  0.024548  0.014214  0.029268  0.046390  0.008116  0.026655 -0.024882  0.019084  0.002490  0.001771  0.001727  0.003948 -0.004690  0.002758  0.010205 -0.011510  0.001308 -0.029115 -0.011641 -0.028921  0.012365  0.001495 -0.018295 -0.010170 -0.005659 -0.007109  5.134906e-03 -0.047161 -0.052339  0.035167 -0.051036 -0.023575  0.001401 -0.046055  0.025153  0.025442  0.024217 -0.011151 -0.010911  0.018969  0.015099  0.000912  0.003064  0.006250  0.002395 -0.008989  0.004314 -0.005939 -0.000639  0.032534 -0.031962 -0.001029  0.004900  0.015293  0.043899 -0.004106 -0.031817 -0.021813 -0.012573 -0.012869  0.004641 -0.002925  0.022912  0.025236 -0.000044  0.025056 -9.940233e-03 -0.006054  0.016060  0.000083  0.013777  0.013777  0.280522  0.013777  0.013777
1    0.056769  1.000000  0.013686 -0.028300  0.075929  0.003326 -0.112428  0.048794 -0.097595 -0.080120  0.113316  0.074282 -0.031330 -0.043940 -0.010436 -0.100382  0.052927  0.005980  0.015027  0.040325 -0.019347 -0.059588 -0.019749  0.039292 -0.012460 -0.068151 -0.022726 -0.015594 -0.023407  0.053105  0.035749  0.004142 -0.016925  0.025866 -0.028525  0.045304  0.008511  0.021274 -0.024566  0.027432 -0.013954  0.086310  0.151483 -0.064149 -0.087953 -0.009975 -0.004472  0.013029  0.059412  0.007767  0.019830  0.031259  0.029405  0.002158 -0.034771  0.041496 -0.031504  0.009544  0.004485  0.013766  0.058078  0.018334 -0.084873  0.002732 -0.125888  0.005074 -0.047916 -0.007423  0.030177 -0.137562 -0.125577  0.056322 -0.044323 -0.070369  0.037802  0.035029  0.006358 -0.001252  0.031022  0.062505 -0.009991  0.043128 -0.004833  0.018066  0.030246  0.094365  0.006660  0.041663 -0.036608 -0.017924 -0.015116  0.049315  0.019861 -0.035298  0.103311 -0.017982  0.007276  0.028861  0.005741  0.010659 -0.006982 -0.009911  0.010689  0.054319  0.003000  0.004626  0.019161 -0.007156 -0.002003  0.041133 -0.027452  0.026189 -0.049199 -0.010086 -0.039571  0.001752 -0.000822 -0.012096  0.002061 -0.010278  0.043578 -4.647329e-03 -0.042961 -0.062700  0.017070 -0.076195 -0.014163 -0.019074 -0.057457  0.013507  0.001775  0.029038  0.007846  0.005408  0.025957 -0.013901 -0.002578  0.011049  0.020814  0.008605 -0.001939  0.016034 -0.001695  0.002896  0.033768 -0.032541  0.003865  0.039520 -0.001796  0.097221 -0.037660 -0.087497 -0.059844 -0.021319 -0.050189  0.022882 -0.005418  0.069549  0.021652 -0.009148  0.075011 -3.210001e-02 -0.033978  0.023808 -0.019399 -0.010687 -0.010687  0.226928 -0.010687 -0.010687
2   -0.006253  0.013686  1.000000  0.026459 -0.002503  0.035938 -0.004066 -0.033381 -0.007991 -0.065941 -0.027489 -0.036299  0.050575 -0.047768  0.012605 -0.023090 -0.024069 -0.005186 -0.023010  0.052019  0.025731 -0.057685 -0.027605  0.008179  0.008775 -0.005187  0.043544 -0.008147  0.020212  0.029538  0.005363 -0.000010 -0.001594  0.025805  0.003883 -0.001450  0.024170  0.023270  0.002150  0.020632  0.015179 -0.008092  0.012546 -0.017883  0.027366  0.015150 -0.003215 -0.009479 -0.002022  0.048966  0.001947  0.022684  0.065368  0.063805 -0.000376  0.068140 -0.017393  0.051823 -0.023044  0.024877  0.025125  0.011442  0.025974 -0.018169  0.009034 -0.087335 -0.069844  0.027445  0.010688 -0.037853  0.015082  0.035492 -0.076026 -0.137721  0.100569  0.097081  0.013363  0.017839  0.088128  0.054915 -0.037324  0.071289  0.077067  0.018084  0.075195  0.112069  0.016910  0.074366 -0.046561 -0.027342 -0.023284  0.089916 -0.027204  0.005331  0.116938  0.059856 -0.068040 -0.041534 -0.018523  0.006617  0.093298 -0.031559  0.051667  0.042121  0.006694  0.022654 -0.026584 -0.001693  0.008465  0.074100 -0.013884 -0.014490 -0.057039  0.012251 -0.032811 -0.024602 -0.029924 -0.013276 -0.009037 -0.030415  0.039326 -5.640360e-03 -0.068266  0.091369  0.050457 -0.146124 -0.065244 -0.008507 -0.097987  0.051010  0.038281  0.004138 -0.002565 -0.023353  0.057743 -0.003767 -0.001036 -0.039424  0.089624  0.080730 -0.038006  0.022028 -0.008064  0.002509  0.006750  0.020668  0.016318  0.060043 -0.037158  0.062423 -0.063713 -0.126873 -0.103302 -0.035044 -0.081468  0.034549 -0.022332  0.079925  0.040600  0.019045  0.095019 -5.671294e-02 -0.056349  0.017436 -0.034507 -0.005424 -0.005424  0.132452 -0.005424 -0.005424
3   -0.057686 -0.028300  0.026459  1.000000  0.020229 -0.004331  0.005668 -0.016176 -0.006202 -0.006538 -0.013419 -0.032328  0.008590  0.000283 -0.020032 -0.031020  0.007243  0.042277 -0.020852  0.012459 -0.001669 -0.001356 -0.011220  0.021883 -0.029080 -0.009408  0.028443 -0.010319  0.002659 -0.001578  0.006277 -0.012504 -0.015104 -0.001107  0.009863  0.012659  0.022673  0.018017  0.008536 -0.008476 -0.000363 -0.003120 -0.000469 -0.002516  0.021970  0.018565  0.007520 -0.010446 -0.017708  0.007446  0.006238 -0.000050  0.017583  0.031836 -0.009861  0.018918  0.005152  0.016694 -0.024155  0.005119  0.009063 -0.012752  0.025821 -0.009602  0.009973 -0.024722 -0.009659  0.003748  0.008740  0.012475  0.016551  0.001831 -0.026259 -0.038036  0.039954  0.064048  0.001324 -0.000336  0.030073  0.011084 -0.004195  0.004558  0.028935  0.012438  0.026314  0.013631  0.008343  0.021441 -0.025562 -0.011084 -0.006070  0.029472 -0.007835  0.010816  0.027488  0.030316 -0.038625 -0.026501 -0.026325 -0.008919  0.044613 -0.007560  0.007954  0.010068  0.006836  0.017811 -0.023589 -0.003996 -0.001505  0.032112  0.005267 -0.011795  0.008456  0.009102  0.019246 -0.002215  0.003707 -0.004813 -0.006887 -0.013490  0.005101 -1.462220e-03  0.001543  0.052028  0.019774 -0.027518 -0.017977 -0.012705 -0.014279  0.004214  0.004017 -0.018641 -0.006979 -0.013145  0.015264  0.005168  0.001204 -0.021193  0.037890  0.040040 -0.006294  0.011202  0.000372 -0.005178 -0.012785  0.019360  0.007821  0.036272 -0.036011 -0.022190 -0.038929 -0.023104 -0.034868 -0.006577 -0.040956  0.021676 -0.018598  0.030826  0.011387  0.008860  0.039776 -3.506107e-02 -0.031373  0.000995 -0.026353 -0.004680 -0.004680 -0.072036 -0.004680 -0.004680
4   -0.048139  0.075929 -0.002503  0.020229  1.000000 -0.066715 -0.038894  0.024035 -0.106851  0.000938  0.036365  0.091424 -0.024000 -0.063826  0.005826 -0.092722  0.070512 -0.005029  0.039985  0.072288 -0.023129 -0.000853 -0.049996  0.056561  0.018549 -0.079413  0.003868 -0.044522 -0.005163  0.018631  0.010024 -0.005770 -0.026786  0.016942 -0.044196  0.042697  0.043048  0.023993 -0.019727  0.036186 -0.025926  0.078208  0.121561 -0.047487 -0.042814  0.032415  0.022863 -0.001557  0.022331 -0.007172  0.017685 -0.008212 -0.013632 -0.000638 -0.077229  0.035137  0.016107  0.024923 -0.023850  0.007011  0.073593 -0.008752 -0.039366 -0.021940 -0.092809 -0.056839 -0.082980  0.010744 -0.007176 -0.066990 -0.101898  0.045494 -0.053130 -0.041525  0.033380  0.088921  0.006341  0.004059  0.016103  0.056137  0.028411  0.021672  0.010909  0.018365  0.026504  0.010095 -0.009266  0.021311 -0.047419 -0.006122 -0.014569  0.016078  0.031994 -0.018494  0.045679  0.002156 -0.005371 -0.000556 -0.048616 -0.019275  0.034524  0.021629 -0.015375  0.036852  0.014587  0.050273  0.004541 -0.018363 -0.006811  0.053192  0.010282  0.017723  0.003389 -0.009844  0.017813  0.051585  0.041860 -0.007968  0.016987 -0.021637  0.023895  9.919513e-04  0.004484  0.000771  0.024743 -0.014885  0.005131 -0.017974 -0.009632 -0.010739 -0.014083 -0.024240 -0.005857 -0.006016  0.013245 -0.017467  0.000311 -0.005087  0.029574  0.018689  0.023689  0.056213 -0.002492 -0.000378 -0.009428  0.002917  0.005832  0.069684 -0.036345 -0.030304 -0.069641 -0.018832 -0.043734 -0.015438 -0.088113  0.029318 -0.031550  0.078359  0.045998  0.016624  0.072136 -5.622727e-02 -0.056255  0.009401 -0.047800 -0.024984 -0.024984 -0.131042 -0.024984 -0.024984
5    0.000036  0.003326  0.035938 -0.004331 -0.066715  1.000000 -0.008765  0.092235 -0.039971 -0.013854 -0.057246 -0.082059  0.039095 -0.050510  0.033064 -0.062364  0.034239 -0.004008 -0.037763 -0.003950  0.046013  0.001844 -0.042859 -0.000224 -0.020808 -0.025557  0.020274 -0.001240  0.025655  0.027764 -0.001549 -0.008937 -0.021489  0.007382 -0.002266  0.001674 -0.003979  0.002447 -0.010981  0.031649  0.039349  0.032570  0.039250 -0.020641 -0.011794 -0.002494  0.022209  0.003858 -0.006817  0.012940 -0.002880 -0.035913 -0.006697 -0.017292 -0.052373  0.044405 -0.019682  0.043843 -0.031747  0.034679  0.072434  0.014999 -0.000061 -0.026871 -0.026679 -0.112988 -0.093228  0.050946 -0.038040 -0.009973 -0.056273  0.047747 -0.022768 -0.119656  0.126185  0.203852  0.015916  0.013742  0.054329  0.023989  0.024539  0.031018  0.033146  0.001407  0.041282  0.040894  0.010439  0.027375 -0.061526 -0.011303 -0.027492 -0.009553  0.046682 -0.018637  0.054325  0.053597 -0.003503  0.027652 -0.070117 -0.028352  0.032275  0.027508  0.004489  0.029972  0.006921  0.049508 -0.048451 -0.007651 -0.007805  0.111963  0.019182 -0.012352  0.048850 -0.012544  0.022924  0.060843  0.057300 -0.002135  0.001858 -0.020347  0.060465 -7.071607e-03 -0.001514 -0.013538  0.046244 -0.008077  0.030150 -0.034797 -0.006939 -0.009705  0.008417 -0.045756  0.006608 -0.006701 -0.006003  0.015247  0.001793  0.009604  0.032730  0.020380  0.028124  0.101737 -0.003781 -0.016374 -0.000445 -0.018370  0.017927  0.105670 -0.047431 -0.021794 -0.105655 -0.032479 -0.068440 -0.017122 -0.080976  0.050103 -0.065640  0.095422  0.047839  0.018726  0.099126 -9.906413e-02 -0.090807  0.015534 -0.079972 -0.021062 -0.021062 -0.086492 -0.021062 -0.021062
6    0.122755 -0.112428 -0.004066  0.005668 -0.038894 -0.008765  1.000000 -0.123891  0.051085  0.035892 -0.120440 -0.096410  0.078234 -0.012691  0.017037  0.024931 -0.087022  0.019049 -0.024941  0.001071 -0.004780  0.063847  0.051020 -0.067803 -0.004564  0.054096 -0.007710  0.015325  0.022810  0.019158  0.010762  0.036392  0.078122  0.001233  0.075556 -0.041777 -0.046117 -0.028598  0.032184 -0.015925 -0.006425 -0.087476 -0.126762  0.050819  0.055213 -0.013701  0.005615 -0.023890 -0.060355  0.033725 -0.018290 -0.034023  0.049127  0.043266  0.027885  0.035087  0.016268  0.004696 -0.032776 -0.045003 -0.081480 -0.014667  0.035196  0.001093  0.164901 -0.013054  0.017213  0.073971 -0.004315  0.119598  0.137029 -0.044383  0.001738 -0.025720  0.039284  0.077548  0.007064 -0.000090 -0.001387 -0.031043 -0.025512 -0.006078  0.026327 -0.001518  0.010036 -0.035445  0.008854  0.013687  0.008763 -0.001550  0.002023 -0.041913  0.006211  0.021391 -0.059530  0.009296  0.013722  0.000283 -0.024862 -0.021965 -0.009545 -0.008519  0.006819 -0.039892  0.004914  0.018321 -0.048942  0.004471 -0.019198  0.042589  0.014429 -0.057439  0.024102  0.030501  0.011704 -0.048502 -0.034841  0.024186 -0.002370  0.020650  0.029263  1.357111e-03  0.022951  0.015559  0.010290  0.036888  0.000806  0.005831  0.020903  0.011560  0.012526 -0.024824 -0.002557  0.001319 -0.010792  0.033904  0.000606 -0.005559 -0.004750  0.006838 -0.005398  0.012823 -0.012849 -0.008856 -0.006382 -0.003542  0.007890  0.012782 -0.010223 -0.030587 -0.010571  0.035632  0.005589  0.008856  0.023944 -0.001773 -0.019442 -0.020881 -0.041799  0.004142 -0.022791 -1.601246e-02 -0.013080 -0.038582 -0.021295  0.012154  0.012154 -0.245140  0.012154  0.012154
7   -0.046999  0.048794 -0.033381 -0.016176  0.024035  0.092235 -0.123891  1.000000 -0.061132  0.023722 -0.010364  0.016577 -0.045765 -0.055279 -0.013026 -0.080973  0.078819  0.004605  0.045878 -0.016625  0.066908 -0.007819 -0.003821  0.029444  0.010813 -0.021513  0.018998  0.009947 -0.007975  0.025603  0.010983  0.007409  0.007762  0.010338 -0.000856  0.022184  0.078534  0.039058 -0.022448  0.017989  0.026044  0.054940  0.084937 -0.049940 -0.059258 -0.004016  0.004214 -0.027182  0.043434  0.042445  0.007587 -0.002735  0.047479  0.068195 -0.058873  0.111945 -0.021693  0.086174 -0.039962  0.044705  0.054021 -0.005590 -0.055049 -0.005707 -0.104033 -0.081892 -0.088278  0.054427  0.065803 -0.048940 -0.071070  0.089303  0.011267 -0.009248  0.045114  0.084939  0.003790 -0.003922 -0.006519  0.022164  0.024223  0.008613 -0.012655  0.004232  0.007312  0.024260  0.003170  0.012721 -0.029359 -0.000827 -0.009139 -0.042518  0.039783 -0.029517 -0.012976 -0.023188  0.016637  0.018860 -0.045963 -0.023946 -0.003083  0.024861 -0.057679 -0.001710  0.003851  0.018584  0.002018 -0.006184 -0.031613  0.044889  0.006312 -0.032806  0.047552  0.002873 -0.000355 -0.009860 -0.015388  0.011003  0.033578  0.004058  0.017465 -2.903274e-03  0.026152 -0.040557  0.035747  0.032734 -0.028391  0.004308  0.010263 -0.016374 -0.035943 -0.039599 -0.012275 -0.005388 -0.007277 -0.015996  0.001701  0.005147  0.023639  0.013997  0.006359  0.056067 -0.000124 -0.003018  0.002636 -0.061573  0.005361  0.054116 -0.012094 -0.033584 -0.055380  0.026340 -0.006935 -0.001119 -0.054692  0.021184 -0.043731  0.060717  0.001875  0.006641  0.023617 -4.093824e-02 -0.044148  0.005591 -0.044469 -0.011490 -0.011490 -0.311165 -0.011490 -0.011490
8    0.105933 -0.097595 -0.007991 -0.006202 -0.106851 -0.039971  0.051085 -0.061132  1.000000  0.007676 -0.139840 -0.018721  0.039949  0.074643 -0.057912  0.105034 -0.101673 -0.025612 -0.054949 -0.022864  0.000196  0.037805  0.082782 -0.096073 -0.001559  0.077298 -0.050297  0.037404  0.009421 -0.052536 -0.031430  0.001918 -0.035570 -0.040419  0.048636 -0.046558 -0.055326 -0.033607  0.030344 -0.016277  0.003243 -0.043213 -0.090071  0.046592  0.029849 -0.057164 -0.020414  0.005096  0.013954 -0.004104 -0.024381  0.022275 -0.006518 -0.034869  0.113035 -0.120224  0.023168 -0.045939  0.055103 -0.006091 -0.050282 -0.037231 -0.018563  0.041515  0.001153  0.102041  0.120066 -0.080617  0.007176  0.012932 -0.007467 -0.003237  0.010533  0.068770 -0.071475 -0.157570 -0.013141  0.010544  0.010557 -0.055985 -0.038498 -0.016207 -0.032847 -0.010180 -0.031619 -0.061965 -0.000552 -0.037935  0.075022  0.020214  0.043499 -0.012630 -0.035674  0.017587 -0.039714 -0.003826 -0.003569 -0.026466  0.075691  0.029607 -0.053991 -0.010733  0.026611 -0.041606 -0.008528 -0.040698 -0.006385  0.009898 -0.005955 -0.072493 -0.008332 -0.007203 -0.039903  0.007827  0.006202 -0.036300 -0.030499  0.016129 -0.028841  0.017982 -0.023789  3.289711e-03  0.006766  0.019653 -0.045974  0.020164  0.010834  0.013057  0.006142  0.007652  0.017166  0.043070  0.003862  0.005837 -0.013388  0.035744  0.001141  0.013464 -0.040312 -0.040158 -0.015109 -0.068504  0.000585 -0.002486 -0.010210  0.036656 -0.015114 -0.072694  0.021263  0.018918  0.080306  0.030429  0.037273  0.015644  0.085769 -0.030721  0.058478 -0.092594 -0.025756 -0.002143 -0.073973  6.530172e-02  0.068084 -0.031632  0.052316  0.021896  0.021896  0.000102  0.021896  0.021896
9    0.012404 -0.080120 -0.065941 -0.006538  0.000938 -0.013854  0.035892  0.023722  0.007676  1.000000 -0.031987 -0.033007 -0.036745  0.024086  0.032328  0.008468  0.018942 -0.001286  0.007219 -0.021546 -0.012858  0.071718  0.011069 -0.007008  0.006123 -0.001409 -0.021910 -0.002352  0.011994 -0.010988 -0.008989  0.002687  0.006966  0.002463 -0.013559  0.007310  0.010645  0.007828  0.025747 -0.015966 -0.002138 -0.045212 -0.053630  0.005127 -0.052866 -0.008107 -0.034393 -0.021509  0.027035  0.008723  0.008064  0.019622 -0.009823  0.060129  0.127356  0.040122 -0.018392  0.014316 -0.007241  0.001059 -0.016897  0.053299  0.091828 -0.005629 -0.032658 -0.002169  0.025109  0.007270  0.046179  0.021334  0.039343 -0.006005 -0.028530 -0.028437  0.010311  0.011415 -0.002239 -0.022011 -0.052996 -0.008097  0.074972 -0.086380 -0.062656  0.004248 -0.076652  0.092253 -0.005219 -0.073757 -0.059922  0.026659 -0.005826  0.010578 -0.017436 -0.003322  0.011797  0.047239  0.000651  0.014282  0.006251 -0.002997  0.028770 -0.001871 -0.007725 -0.000445 -0.008829  0.002900  0.013302  0.013989 -0.020468 -0.026008 -0.018536 -0.058596  0.084058  0.010413  0.036996  0.024976  0.025719  0.025149  0.017530 -0.004985 -0.045115  4.778080e-03  0.040156 -0.046846  0.012735  0.031589 -0.012756  0.011306  0.026596 -0.003374  0.004631 -0.011603 -0.012642 -0.021483 -0.006452  0.010244  0.000290  0.012973  0.044976  0.043807 -0.019645 -0.034318  0.006180 -0.003628  0.027672 -0.074436  0.003118  0.008569 -0.011917 -0.011539 -0.017988  0.014749  0.008540 -0.005221 -0.026767 -0.000744 -0.017235  0.026706 -0.053203 -0.023086  0.032748 -8.027208e-03 -0.014128  0.049090 -0.019274  0.004233  0.004233 -0.203325  0.004233  0.004233
10  -0.097722  0.113316 -0.027489 -0.013419  0.036365 -0.057246 -0.120440 -0.010364 -0.139840 -0.031987  1.000000  0.105670 -0.065365  0.021966  0.003122 -0.051354  0.061621  0.020828  0.054758 -0.018624  0.001017 -0.052630 -0.040812  0.022524 -0.002191 -0.030042 -0.037733 -0.022317 -0.041175 -0.010916  0.011920 -0.002817  0.004129  0.010758 -0.012886  0.020422  0.015491  0.018966 -0.020652 -0.031602 -0.043633  0.031522  0.066919 -0.010148 -0.022730  0.029763 -0.011273 -0.011559  0.015669  0.012840  0.008156  0.011233  0.007749 -0.031400 -0.038005  0.022968  0.009964 -0.018789  0.011588 -0.012707 -0.018170 -0.012564 -0.028452 -0.005503 -0.033654  0.065661  0.057668 -0.044758  0.037328  0.006819 -0.024587 -0.017823 -0.000930  0.053803 -0.060561 -0.062307 -0.004386 -0.010017 -0.011153  0.008589 -0.002213 -0.015990 -0.020617 -0.000108 -0.008365  0.001897 -0.000868 -0.007266  0.006082 -0.006068  0.001647  0.018595  0.002748 -0.000633  0.011375 -0.032516  0.001475  0.004244  0.017073  0.015690 -0.012325 -0.014520  0.004768  0.014068 -0.005416 -0.028465  0.041459 -0.001310 -0.001210 -0.046781  0.001530  0.023572 -0.016902  0.003847 -0.009961 -0.007007 -0.002819 -0.004373  0.020717  0.006513 -0.029465  3.904243e-03 -0.001680 -0.029273 -0.020432 -0.010406 -0.013130  0.011882  0.000339  0.000368 -0.015735  0.002782 -0.003386 -0.004448  0.002088 -0.017200 -0.001948  0.022318 -0.012146 -0.012152 -0.006079 -0.028603  0.005292  0.014835 -0.007601  0.005681 -0.005415 -0.040474  0.023279  0.017276  0.042391  0.007976  0.033938  0.000901  0.005514 -0.020400  0.035794 -0.007970  0.017463  0.011080 -0.030629  4.653143e-02  0.049762  0.003151  0.036214 -0.001477 -0.001477  0.035398 -0.001477 -0.001477
11  -0.028008  0.074282 -0.036299 -0.032328  0.091424 -0.082059 -0.096410  0.016577 -0.018721 -0.033007  0.105670  1.000000 -0.043693 -0.018280  0.054195 -0.002839  0.046523 -0.017435 -0.011728 -0.014696  0.005844 -0.057312 -0.015832  0.032018  0.009156 -0.017683 -0.012380 -0.003139 -0.034666 -0.017020 -0.009716  0.007827 -0.028784 -0.008219 -0.049246  0.038236  0.036367  0.008374 -0.016445  0.014356 -0.018233  0.048556  0.061280 -0.033703 -0.041688  0.001820 -0.005594  0.027985  0.048457 -0.004803  0.016972  0.053898 -0.022363  0.034919 -0.020395 -0.069789  0.012082 -0.053014  0.015932 -0.038207  0.004513 -0.012263 -0.072311  0.002917 -0.075514  0.070095  0.003387 -0.043930  0.014763 -0.110033 -0.057037  0.009647  0.027050  0.085049 -0.043320 -0.122610 -0.010624  0.005528  0.006958  0.031109 -0.017457  0.009954 -0.026104  0.003121 -0.015891 -0.059508 -0.017783 -0.015288  0.067905  0.012632  0.020728 -0.017001  0.007545 -0.008263 -0.019652 -0.070031  0.010578 -0.001839  0.025058  0.007939 -0.024338  0.032298 -0.008145  0.016082 -0.005855 -0.029428  0.051741 -0.006520  0.008857 -0.042440  0.015100  0.023731 -0.052833 -0.009010 -0.021938 -0.017356 -0.029909  0.003190  0.020924  0.011287  0.014852  8.575252e-03  0.011400  0.000503 -0.034592  0.008279 -0.015256  0.015382  0.001599 -0.004867 -0.029626  0.038609  0.003167  0.017350  0.000265 -0.033333 -0.002492  0.024573 -0.007197 -0.011678  0.025989 -0.008306  0.000843  0.004568 -0.011062  0.003537 -0.004338 -0.017311  0.018614  0.007924  0.024242  0.005998 -0.000468  0.005398  0.011362 -0.000885  0.032496 -0.016834 -0.002481  0.003550 -0.034227  3.825456e-02  0.018101 -0.019416  0.022235  0.001915  0.001915 -0.131701  0.001915  0.001915
12   0.039862 -0.031330  0.050575  0.008590 -0.024000  0.039095  0.078234 -0.045765  0.039949 -0.036745 -0.065365 -0.043693  1.000000  0.061504 -0.004948 -0.017053 -0.039404 -0.015626 -0.049382  0.010272  0.029793  0.002716  0.022673 -0.040147 -0.007547  0.005122 -0.004269  0.011896  0.002820  0.047344  0.021817  0.002480 -0.005780  0.023826  0.011515  0.001677 -0.037392 -0.037668  0.024493  0.040090  0.027999 -0.001610 -0.024081  0.016027 -0.005965  0.002009 -0.040781 -0.019466  0.011713  0.024406 -0.018871  0.008668 -0.028230 -0.039631  0.064525  0.023979  0.037923 -0.014770 -0.011232 -0.004835  0.030540 -0.042346 -0.043579 -0.008201 -0.022097 -0.000088 -0.065462  0.052808 -0.027646 -0.024716 -0.017855  0.020020  0.002992 -0.035531  0.047433  0.048568  0.010931  0.021657  0.060046  0.008412 -0.010755  0.040597  0.040662 -0.001210  0.032222 -0.057721 -0.008319 -0.020132 -0.003797 -0.000747  0.009245 -0.027911  0.007791 -0.015484 -0.010224 -0.002355 -0.002370 -0.018194 -0.009709 -0.008841 -0.006044  0.012224  0.004452 -0.006907  0.003054  0.011411 -0.024733 -0.004865  0.001984  0.036559  0.016581 -0.001415 -0.029128 -0.000716 -0.009186 -0.013725 -0.001858 -0.011385 -0.006616  0.003804  0.040944  2.939207e-03 -0.001841  0.038159 -0.004731 -0.010348  0.008912 -0.009993 -0.014974  0.008558  0.009684 -0.012994  0.016781  0.005658 -0.004517  0.008925  0.003913 -0.014452 -0.014656 -0.025423  0.003033  0.053791 -0.009999 -0.009615 -0.022721  0.044638  0.001501  0.028493 -0.008180 -0.008644 -0.024948  0.006891 -0.036235 -0.000643 -0.012790  0.017429 -0.012820  0.013720  0.044924  0.019782  0.007213 -3.281219e-02 -0.024064 -0.036247 -0.017179 -0.009364 -0.009364 -0.131275 -0.009364 -0.009364
13   0.033987 -0.043940 -0.047768  0.000283 -0.063826 -0.050510 -0.012691 -0.055279  0.074643  0.024086  0.021966 -0.018280  0.061504  1.000000  0.018643  0.024444 -0.010264 -0.020749 -0.059663  0.012230  0.001591  0.030029  0.013257 -0.012766 -0.004173 -0.007511 -0.030976 -0.008365 -0.005537 -0.019242 -0.014003 -0.015261 -0.035479 -0.015527 -0.002286  0.000070  0.009452 -0.021352  0.019781 -0.014758 -0.000830 -0.006322 -0.004320 -0.002845 -0.003350 -0.008363  0.008072  0.032306 -0.000783 -0.026998  0.012993  0.041210 -0.027971  0.027855  0.064174 -0.113652 -0.021262 -0.068046  0.033274 -0.029910  0.021609  0.026525  0.005577 -0.006202 -0.099095  0.095154  0.075883 -0.106144  0.030252 -0.092384 -0.070726  0.034107  0.050896  0.071778 -0.072293 -0.215982 -0.011825  0.012917 -0.008767 -0.027765 -0.012588 -0.032414 -0.063695 -0.021387 -0.048572  0.001195 -0.012542 -0.028383  0.081344  0.029671  0.027908  0.010739 -0.054413  0.016062  0.021236  0.021204 -0.010460 -0.003205  0.105920  0.046986 -0.020846  0.013512  0.040846 -0.013795 -0.015607 -0.045440  0.031558  0.009000  0.006417 -0.094227 -0.016402 -0.001944 -0.034752 -0.014689 -0.023321 -0.000597 -0.000691 -0.018248 -0.017919  0.011422 -0.047816  1.260664e-02  0.003331  0.004086 -0.028100  0.013751  0.000721  0.009995  0.008057  0.011449  0.038797  0.052205  0.000398  0.017444 -0.006417 -0.001398  0.006202  0.026140 -0.014855 -0.014776 -0.000015 -0.063878  0.002360  0.002073  0.014712 -0.014834 -0.018249 -0.064729  0.029378  0.030969  0.066732  0.009342  0.037244  0.005071  0.052730 -0.026375  0.049254 -0.055109 -0.013318 -0.013110 -0.044909  5.384523e-02  0.054225  0.011788  0.049112  0.010657  0.010657  0.026628  0.010657  0.010657
14   0.005026 -0.010436  0.012605 -0.020032  0.005826  0.033064  0.017037 -0.013026 -0.057912  0.032328  0.003122  0.054195 -0.004948  0.018643  1.000000  0.022545  0.038947  0.018349 -0.065131  0.063047  0.049158  0.021570 -0.027020 -0.001740 -0.003596 -0.010191 -0.024537 -0.038039  0.026778  0.023951 -0.016613 -0.011804 -0.029950  0.014749  0.012402  0.010820  0.025337 -0.017998 -0.023276  0.014035 -0.004420  0.014226  0.024993 -0.028099 -0.032431  0.012630  0.016679 -0.014671 -0.001910  0.008615 -0.000067  0.000529  0.002849  0.032376 -0.021045  0.005314 -0.020211  0.002696 -0.010242 -0.014325  0.074716  0.021231 -0.025801 -0.029202 -0.109665 -0.038512 -0.023774 -0.009629  0.002852 -0.048443 -0.080945  0.050560 -0.011146 -0.028216  0.029547  0.026367  0.000322  0.006376  0.040763  0.032410  0.042733 -0.003248 -0.020484  0.004419 -0.003570  0.053114  0.000610  0.006779 -0.029195  0.011630 -0.005849  0.002139  0.010609 -0.019788  0.029888  0.009360  0.003453 -0.000764 -0.003622 -0.005495  0.000746  0.006202 -0.014798  0.006603 -0.002034  0.005817 -0.008846 -0.000450 -0.012895  0.014995 -0.005297 -0.024688  0.026113 -0.011866  0.006188  0.036292  0.024856  0.007674  0.010560 -0.009986 -0.001663  3.428315e-03  0.002909 -0.020457  0.021486 -0.011520 -0.006014 -0.000131 -0.004158 -0.001901 -0.005182 -0.008584 -0.008830 -0.003138  0.006024 -0.005706 -0.007188 -0.000778  0.009307  0.003961  0.000452  0.003143 -0.000368 -0.003176  0.012756 -0.026238  0.002586  0.033287 -0.020795 -0.000722 -0.032622 -0.007401 -0.018737 -0.010828 -0.049720  0.010096 -0.016421  0.046885  0.017341 -0.004693  0.040089 -2.029544e-02 -0.023062  0.020571 -0.022498 -0.001141 -0.001141 -0.132218 -0.001141 -0.001141
15   0.017651 -0.100382 -0.023090 -0.031020 -0.092722 -0.062364  0.024931 -0.080973  0.105034  0.008468 -0.051354 -0.002839 -0.017053  0.024444  0.022545  1.000000 -0.073485  0.016174 -0.011742 -0.010931 -0.038271  0.020658  0.014547 -0.023763 -0.000842  0.056796 -0.020565  0.024976 -0.015532 -0.019957 -0.004382 -0.007518  0.018956 -0.016374  0.009120 -0.022332 -0.024976 -0.041533  0.007442  0.013665  0.026860 -0.050160 -0.111052  0.047269  0.028589 -0.012813 -0.014857 -0.001556 -0.000316 -0.024032  0.002606  0.025437 -0.038209 -0.013058  0.074818 -0.077044  0.011643 -0.037151  0.026841 -0.010198 -0.082966 -0.008034  0.039007  0.030937  0.082171  0.083282  0.038496 -0.024097 -0.016397  0.024386  0.074868 -0.042948  0.064532  0.083342 -0.092496 -0.195478 -0.013030  0.005808 -0.035192 -0.046984 -0.019986 -0.002958 -0.016412 -0.015937 -0.041501 -0.081271 -0.015677 -0.033933  0.080651  0.015231  0.013722 -0.005005 -0.048576  0.041723 -0.045883 -0.012830  0.003739 -0.023730  0.072667  0.031203 -0.019597 -0.004606  0.038656 -0.032079 -0.002556 -0.021271  0.029899  0.005667  0.012879 -0.090849  0.000008  0.009591 -0.055173 -0.008212 -0.019332 -0.045877 -0.047659 -0.000749 -0.025654  0.025331 -0.043686 -3.098015e-03  0.021065  0.027156 -0.040055  0.033981  0.007817  0.016555  0.024327  0.009077  0.031611  0.046980  0.010433  0.017768 -0.006679 -0.008458 -0.002652  0.019405 -0.038032 -0.031810 -0.006259 -0.061593  0.004079  0.005566 -0.012055  0.022421 -0.006895 -0.069486  0.031274 -0.002339  0.073235  0.039240  0.048537  0.019498  0.070534 -0.033414  0.040667 -0.080128 -0.035093 -0.001369 -0.085158  6.966052e-02  0.057042 -0.027243  0.053431  0.009947  0.009947 -0.125891  0.009947  0.009947
16  -0.035722  0.052927 -0.024069  0.007243  0.070512  0.034239 -0.087022  0.078819 -0.101673  0.018942  0.061621  0.046523 -0.039404 -0.010264  0.038947 -0.073485  1.000000  0.009801  0.017476 -0.005311  0.035743 -0.007616 -0.028904  0.057794  0.005166 -0.055901  0.021859 -0.020007  0.018097 -0.000969 -0.015131 -0.004912 -0.023232  0.011252 -0.025149  0.022876  0.046638  0.019791 -0.025045 -0.004166 -0.014835  0.049111  0.090805 -0.037167 -0.047213  0.015798  0.028690 -0.003689  0.002445  0.001747  0.010311 -0.030100  0.010391  0.027680 -0.081423  0.053911 -0.031112  0.034328 -0.017622  0.006993  0.066610  0.041586  0.007774 -0.025229 -0.094699 -0.032014 -0.075300 -0.053091  0.018657 -0.029620 -0.086820  0.057276 -0.023356 -0.022350  0.014763  0.047938 -0.002625 -0.015786 -0.054150  0.015743  0.033445 -0.001838 -0.012592  0.009682 -0.004430  0.082890 -0.000474 -0.005533 -0.055537 -0.001088 -0.013037  0.007141  0.015105 -0.025390  0.039439  0.003114 -0.001117  0.019540 -0.014849 -0.009419  0.024480 -0.002643 -0.029405  0.014854  0.001268  0.014062 -0.001146 -0.003456 -0.006695  0.027364 -0.006634  0.008205  0.027669 -0.008506 -0.000614  0.050292  0.034076 -0.006509  0.021758 -0.018020  0.001048  4.838021e-03 -0.002218 -0.046603  0.033074 -0.003730 -0.013393 -0.000127 -0.008293 -0.013402 -0.023431 -0.013218 -0.011659 -0.003762  0.013781 -0.009252 -0.000671 -0.005182  0.023145  0.020127  0.006638  0.023775 -0.000207 -0.001740  0.018460 -0.044124 -0.009648  0.035095 -0.011794  0.002805 -0.038461 -0.015059 -0.015970 -0.016320 -0.064090  0.015770 -0.014645  0.064845  0.007953 -0.004109  0.052923 -2.662906e-02 -0.029035  0.042173 -0.023760 -0.018375 -0.018375  0.026714 -0.018375 -0.018375
17  -0.008344  0.005980 -0.005186  0.042277 -0.005029 -0.004008  0.019049  0.004605 -0.025612 -0.001286  0.020828 -0.017435 -0.015626 -0.020749  0.018349  0.016174  0.009801  1.000000 -0.001901  0.038051  0.009226  0.004395 -0.004832  0.002334 -0.002372  0.008905  0.002102  0.004223  0.002978  0.008993  0.035047  0.003304  0.036694  0.012967  0.018469  0.015942  0.007952  0.006213 -0.002686 -0.005774 -0.013739 -0.002256 -0.001326  0.014191  0.004294  0.005456  0.000845 -0.016353 -0.014330  0.010609 -0.005362 -0.019597  0.022500 -0.028042 -0.007799  0.054244  0.001024  0.014001  0.004837  0.005722  0.004190 -0.007085 -0.001057  0.001849  0.018640  0.009136  0.013999  0.003903  0.034681  0.035807  0.014352  0.010216  0.023311  0.003054 -0.008034 -0.002559 -0.002170  0.007193  0.054129  0.022391  0.012015 -0.014977 -0.011063 -0.000231  0.008028 -0.000032  0.003814 -0.020093 -0.005617 -0.007992  0.011057 -0.002103 -0.000385  0.003120 -0.003222 -0.007614 -0.011574 -0.002001 -0.000302  0.003239 -0.002588 -0.008056 -0.005233 -0.012574  0.002271 -0.005095  0.003584 -0.003901 -0.007401 -0.004769  0.000949 -0.004960 -0.006411  0.005271 -0.000150 -0.016856 -0.014201 -0.006692 -0.011793  0.011556 -0.022209 -2.555095e-03  0.006561  0.000406  0.012959  0.004283 -0.010306  0.000564  0.000341  0.002134 -0.005346 -0.024959 -0.004570 -0.005765  0.003323  0.002917 -0.001524  0.004518 -0.007608 -0.004080 -0.022839  0.002275  0.001834  0.005198 -0.007321  0.002713 -0.006504 -0.010984  0.008474 -0.003931  0.010957  0.009771  0.009463  0.003818  0.007710 -0.015299 -0.023051 -0.005542  0.010152  0.007814 -0.014308  9.703839e-03  0.006410 -0.005546  0.009574  0.004648  0.004648 -0.058697  0.004648  0.004648
18  -0.045002  0.015027 -0.023010 -0.020852  0.039985 -0.037763 -0.024941  0.045878 -0.054949  0.007219  0.054758 -0.011728 -0.049382 -0.059663 -0.065131 -0.011742  0.017476 -0.001901  1.000000  0.006455 -0.015133  0.000591  0.009862  0.007701  0.010999  0.014593 -0.007204  0.030276 -0.032017  0.009744  0.016385  0.024881  0.077157  0.016956  0.005763 -0.010474  0.014612  0.023242  0.001295 -0.026411 -0.035826 -0.008158  0.005262  0.020145  0.008565  0.016415 -0.014401 -0.020359 -0.004537  0.022337 -0.009987 -0.024079  0.047580 -0.027869 -0.025339  0.098052  0.020380  0.045346 -0.005639  0.021499 -0.049172 -0.010650  0.001297  0.013430  0.069735  0.025765  0.024134  0.006176  0.053279  0.097137  0.062291 -0.014594  0.014896  0.036400 -0.062216 -0.032282  0.001082 -0.017033  0.038416  0.013097  0.025444 -0.053507 -0.046355 -0.001104 -0.014705 -0.025394  0.005793  0.007396  0.001948 -0.002552 -0.002969 -0.013142 -0.011872  0.010742 -0.040976 -0.034681  0.014258 -0.003787  0.005391  0.001290 -0.034625 -0.027139 -0.015766 -0.035070  0.004926 -0.021117  0.010323  0.011287 -0.024281 -0.033827 -0.011678  0.000218  0.025261  0.017550 -0.003950 -0.062765 -0.045009  0.006665  0.006476  0.024595 -0.051467  4.793886e-04  0.022537 -0.024767 -0.003054  0.043704 -0.008299  0.022738  0.024161 -0.010277 -0.018715 -0.029944 -0.005976  0.002332 -0.012758 -0.006705 -0.000126  0.019637 -0.014017 -0.003992 -0.046406 -0.049069  0.004650  0.016348 -0.011473 -0.008226 -0.013883 -0.070299  0.044197  0.006264  0.063967  0.032138  0.078196  0.017844  0.055337 -0.043515 -0.009741 -0.054522 -0.030241  0.000246 -0.065311  5.530728e-02  0.058195 -0.003244  0.044800  0.002027  0.002027 -0.045469  0.002027  0.002027
19   0.010275  0.040325  0.052019  0.012459  0.072288 -0.003950  0.001071 -0.016625 -0.022864 -0.021546 -0.018624 -0.014696  0.010272  0.012230  0.063047 -0.010931 -0.005311  0.038051  0.006455  1.000000 -0.036737  0.046453 -0.044640  0.005941  0.005334  0.021415  0.013191 -0.056168  0.024470  0.045061  0.023294 -0.022360  0.011201  0.037776  0.007661  0.035841  0.034703  0.009017 -0.021756  0.001217 -0.025268  0.017967  0.059035 -0.016123 -0.000835  0.019486  0.010210  0.020780 -0.023223  0.003111 -0.014679 -0.045142  0.025369 -0.035091 -0.043772  0.069680 -0.014436  0.040031  0.007836  0.037814  0.116807 -0.014134 -0.049899 -0.017057 -0.109997 -0.049411 -0.029154  0.006230  0.038428 -0.064319 -0.099262  0.091421  0.046228  0.002017  0.009987  0.014870 -0.002069 -0.004244 -0.004075  0.004142 -0.006717  0.044470  0.023240  0.008439  0.029302  0.023725 -0.003523  0.004037 -0.030071 -0.000047  0.003160  0.016601 -0.024543 -0.013037  0.040831  0.024539 -0.026732 -0.017871 -0.001734  0.000616 -0.000146 -0.014578 -0.000798  0.018808  0.003598  0.016923  0.002018 -0.013562  0.005914  0.010636 -0.002609  0.001854 -0.031711 -0.000295 -0.013839  0.007133  0.015845 -0.029047 -0.004026 -0.004637  0.002959 -1.079558e-02 -0.018539  0.034545  0.015668 -0.014219 -0.008975 -0.003855 -0.010763  0.001204  0.008600 -0.016324  0.004928 -0.004807  0.010139 -0.005374 -0.003343 -0.011172 -0.007799 -0.009264 -0.021763  0.019706 -0.008929  0.002598  0.001277  0.009630 -0.004551  0.006736 -0.001950  0.033173 -0.013287 -0.023270 -0.025351 -0.011475 -0.026780 -0.003077 -0.024124  0.029158  0.038580  0.007617  0.026433 -1.149349e-02 -0.009519  0.006358 -0.000240  0.004169  0.004169  0.015687  0.004169  0.004169
20   0.007805 -0.019347  0.025731 -0.001669 -0.023129  0.046013 -0.004780  0.066908  0.000196 -0.012858  0.001017  0.005844  0.029793  0.001591  0.049158 -0.038271  0.035743  0.009226 -0.015133 -0.036737  1.000000 -0.058734  0.086325 -0.028600  0.014392 -0.009005 -0.042075  0.041345 -0.010685  0.027064  0.001848  0.030149  0.005957  0.028276  0.037128 -0.007158  0.005727  0.020905  0.011452  0.020030 -0.022606  0.020755  0.039037  0.005513 -0.018234 -0.026951 -0.024663 -0.071973  0.017070  0.054263 -0.025438 -0.016234  0.020392 -0.076765  0.040825  0.076804  0.045188  0.025246 -0.025741  0.008257  0.058273 -0.037164 -0.056667  0.005983 -0.073091 -0.004359 -0.006834  0.035716  0.062904  0.027003 -0.060181  0.066903  0.030248  0.026571 -0.011500  0.033076 -0.002197 -0.013052 -0.027136 -0.008974 -0.030754  0.007455 -0.008071  0.006422  0.013267 -0.020213  0.018371  0.031780  0.004338 -0.002444  0.004517 -0.019430  0.000027 -0.008923 -0.014474 -0.007194  0.012029  0.003182 -0.003021 -0.000325 -0.035038 -0.027099 -0.014770 -0.017118 -0.005971 -0.013820 -0.014672 -0.000646 -0.013821  0.002473 -0.005489 -0.012804  0.010469  0.012163  0.011935 -0.036530 -0.018045  0.001846 -0.022013  0.021362 -0.010777  1.638174e-02  0.031151 -0.034201  0.005601  0.043910  0.004125  0.009248  0.029731 -0.016698 -0.011975 -0.035068 -0.002460  0.002259 -0.019510  0.013169  0.001002 -0.004739 -0.023133 -0.023051 -0.029220 -0.010823 -0.002071  0.004029 -0.009698  0.005916 -0.011018 -0.020398  0.014903  0.011421  0.015512  0.022635  0.033352  0.003911  0.024527 -0.017542 -0.036220 -0.022764 -0.021779 -0.005287 -0.019867  9.374335e-03  0.011374 -0.005512  0.005586  0.002470  0.002470 -0.066034  0.002470  0.002470
21   0.017024 -0.059588 -0.057685 -0.001356 -0.000853  0.001844  0.063847 -0.007819  0.037805  0.071718 -0.052630 -0.057312  0.002716  0.030029  0.021570  0.020658 -0.007616  0.004395  0.000591  0.046453 -0.058734  1.000000  0.001904 -0.058759  0.007441  0.042544 -0.065579  0.000785 -0.031704  0.000094  0.023035 -0.012910 -0.006058  0.000469 -0.011489  0.017889 -0.009606 -0.017868  0.018127  0.005437  0.001371 -0.028731 -0.057027  0.012958  0.019221 -0.000111 -0.035271 -0.002268  0.020668  0.008049 -0.006969  0.025996  0.026031 -0.002898  0.095879 -0.012170  0.000669  0.021222 -0.039282  0.012739  0.039525 -0.009524  0.013363 -0.000893 -0.058684  0.032900  0.023076 -0.017769  0.012666  0.016838  0.009748 -0.009123 -0.002308 -0.024497  0.043754  0.041436  0.002540 -0.000832 -0.026575 -0.022977 -0.026580 -0.050955 -0.050053  0.000493 -0.024818  0.027780  0.022974  0.063333  0.054616  0.003034  0.003742 -0.012022  0.004376  0.002437 -0.018047  0.015076  0.011069  0.017008 -0.015071 -0.014075  0.001814  0.025953 -0.020760 -0.011051 -0.005080  0.014782 -0.028209 -0.004399 -0.029466  0.009940 -0.006207 -0.046353  0.076259  0.013154  0.039093  0.021655  0.035524  0.009628  0.024197  0.000222 -0.030765 -5.121155e-03  0.024426 -0.021889  0.023463  0.046098  0.013391 -0.001116  0.025163 -0.009731 -0.008287 -0.032818 -0.012955 -0.009074 -0.006634  0.026026 -0.000526  0.000533  0.014943  0.015699  0.017874  0.002886 -0.002561 -0.014594  0.028531 -0.049406  0.006969  0.023991 -0.022622 -0.045967 -0.024502  0.023481  0.037649  0.001327 -0.002935  0.002517 -0.028216  0.004716 -0.022094 -0.006432  0.016540 -2.328556e-02 -0.019385  0.030019 -0.032114  0.005131  0.005131 -0.065718  0.005131  0.005131
