              0             1             2             3             4             5             6             7             8             9             10            11            12            13            14            15            16            17            18            19            20            21            22            23            24            25            26            27            28            29            30            31            32            33            34            35            36            37            38            39            40            41            42            43            44            45            46            47            48            49            50            51            52            53            54            55            56            57            58            59            60            61            62            63            64            65            66            67            68            69            70            71            72            73            74            75            76            77            78            79            80            81            82            83            84            85            86            87            88            89            90            91            92            93            94            95            96            97            98            99            100           101           102           103           104           105           106           107           108           109           110           111           112           113           114           115           116           117           118           119           120           121           122           123           124           125           126           127           128           129           130           131           132           133           134           135           136           137           138           139           140           141           142           143           144           145           146           147           148           149           150           151           152           153           154           155           156           157           158           159           160           161           162           163           164           165           166           167           168           169           170
0    1.000000e+00 -9.166419e-16 -6.283925e-16 -7.976895e-16  7.974246e-17 -4.378113e-16 -1.433025e-15  1.075964e-15 -2.927318e-16 -3.750621e-16 -2.475710e-16 -4.783515e-17  1.656618e-16 -2.804967e-16 -3.335307e-16 -1.349230e-16  1.678434e-17  9.646213e-17  2.303815e-16 -3.804978e-17 -2.534921e-17 -1.509457e-17  1.910184e-17 -3.653925e-16 -8.060474e-17  7.568633e-17 -1.091042e-16 -2.615998e-17  9.358229e-17  1.233835e-16  6.946565e-17  1.206763e-16  8.763421e-17  7.471049e-17  8.867254e-17 -4.003231e-17 -3.844594e-17 -8.868313e-17  5.303188e-17 -4.772960e-17 -3.476790e-17  7.468668e-17 -8.713913e-17 -5.861905e-17  1.008719e-16 -2.910314e-16  3.532380e-17 -2.461005e-16  1.089112e-17  4.072611e-17  2.706955e-16  9.461769e-17 -1.853383e-16  1.061963e-16 -1.006046e-16  1.486100e-16  9.255063e-18 -9.637826e-17  5.494592e-17 -5.557523e-18  8.786779e-17  7.426168e-18  5.032083e-16 -7.790913e-17 -1.026911e-16 -3.992566e-17 -1.012030e-17 -7.406729e-17 -9.864821e-17  1.472082e-16  1.782385e-16 -2.908978e-17  4.101743e-16 -5.393586e-16 -1.221317e-16  4.241809e-16  1.700007e-16 -2.355485e-16 -1.149149e-16 -6.791592e-17 -3.819543e-17 -3.917711e-16  1.888287e-16  4.613085e-17  1.662107e-17 -1.754097e-17  1.035384e-16 -7.358577e-17  3.596430e-17  6.155513e-17 -7.058617e-18  2.743925e-17  2.882073e-17 -3.134719e-17  4.700349e-17  2.563207e-16  1.696025e-17  3.099049e-17  1.458644e-16 -8.459432e-17  1.087144e-16  9.138088e-17  2.793998e-17 -6.029512e-17 -1.157934e-16  1.191230e-16  4.065646e-17  7.400679e-17  1.865933e-17  1.525727e-17  1.064798e-17 -1.654116e-17 -2.678976e-17 -1.017100e-17  3.943679e-17  1.637261e-17  5.001804e-17 -6.478769e-19 -2.586968e-17 -1.075185e-17  1.962038e-16 -9.699919e-17 -2.548514e-17  1.092561e-16  1.711858e-17  1.537754e-16  1.705944e-17 -1.156070e-17  4.435959e-18  1.741324e-17  7.083202e-17  1.411990e-17 -1.197816e-17  3.683241e-17 -2.174308e-17  2.236185e-17  1.763214e-16 -2.256296e-17 -3.559706e-17  1.094213e-17 -1.688919e-18 -6.467939e-17 -6.162811e-17 -2.549277e-18  9.851214e-18 -1.906743e-17 -2.238490e-17 -5.951403e-17 -3.714541e-17 -1.095133e-16 -2.555588e-16  3.338296e-17 -1.493923e-16 -1.114531e-16 -1.940013e-17  4.577938e-18  5.355761e-17  4.400743e-18 -1.171974e-16 -3.766980e-17 -1.863418e-17 -2.996573e-17 -1.460966e-17  6.145044e-17  1.405579e-17 -1.491746e-18 -1.420610e-18  4.644220e-18  3.875064e-17 -7.401551e-17 -2.630745e-17
1   -9.166419e-16  1.000000e+00  1.573200e-16  2.161840e-16  1.606782e-16 -5.916036e-16 -7.661005e-17 -3.978634e-16  3.686561e-16 -3.130868e-16 -5.160324e-16 -3.178521e-17 -4.261982e-16 -5.291052e-16 -1.778625e-16 -6.306932e-16  3.669038e-16  1.338701e-16 -2.245066e-16 -8.598893e-17  4.071091e-16  1.436225e-16  1.453558e-16 -1.222667e-16 -1.794903e-16  2.256232e-17  3.050662e-17 -5.239667e-16  2.419023e-16 -4.512447e-17 -1.514284e-16  2.189036e-16  1.338475e-17  1.181678e-16  1.037102e-16 -4.787586e-17  3.151645e-16 -1.941994e-17  1.676380e-16 -6.206856e-17 -2.679062e-16 -5.727090e-17  1.145517e-16 -1.175100e-16 -5.442553e-17  2.015738e-16  8.369941e-17 -2.446149e-16 -1.961478e-16  1.474045e-16  1.696068e-16 -1.134466e-16  1.571573e-16 -2.402979e-16  1.319276e-17  2.299036e-16 -2.052968e-17 -5.261311e-17 -1.727045e-16  1.142816e-16 -9.721753e-17 -7.857347e-17 -1.227401e-16  9.489353e-17  1.456881e-16  1.056012e-16 -4.569221e-17  1.736302e-17 -3.878206e-17 -1.255877e-16 -1.163062e-18 -6.034250e-17 -1.180095e-16 -1.750004e-16  2.016650e-16 -1.139846e-16 -1.468468e-16  1.944858e-17  1.074673e-16  2.396534e-16 -1.587200e-17 -1.484739e-18  3.597459e-18 -8.367208e-17 -3.950523e-17 -2.326047e-17  3.390570e-17  9.348570e-18 -1.467435e-17  2.211899e-17  4.585683e-18 -8.837748e-17 -6.832101e-17  2.173444e-17  2.911672e-17  1.152625e-16  6.132984e-18 -4.199957e-16 -2.166734e-17 -6.303745e-17 -8.081910e-17  1.738616e-17 -3.686803e-17  4.314210e-18 -4.447579e-17 -7.329625e-18 -1.523466e-17 -1.665901e-17  6.224597e-17  5.089059e-17 -3.823060e-17 -1.529546e-17  4.565140e-17 -2.636569e-17 -1.340250e-16 -5.593695e-17  1.658958e-17 -5.610881e-17 -5.699189e-17  3.041529e-17  4.382244e-17 -1.880113e-16 -1.323996e-17 -1.111242e-17 -2.114908e-17 -9.647945e-18 -3.295865e-17  2.337707e-16 -2.529568e-17  2.787635e-17 -1.655827e-16 -2.277344e-17  1.586298e-17 -9.976987e-17 -2.569445e-17 -8.321184e-17 -5.011723e-17  1.059608e-16 -1.389174e-16  1.025004e-16  7.531003e-17 -4.823690e-17  1.342780e-16 -2.487272e-17  3.662932e-17 -2.548032e-17 -3.888010e-17 -1.520934e-17 -1.762483e-16  5.915953e-17 -2.983922e-17 -7.358791e-18 -5.085477e-17 -1.276249e-16 -6.353505e-17 -1.999823e-17 -7.623101e-19  5.714647e-18  1.794506e-17 -1.884343e-16  4.343599e-17  4.673005e-17 -1.089313e-16 -4.084457e-17 -3.569524e-17 -4.404371e-17  7.556552e-18 -8.474461e-17  5.203121e-17 -1.060427e-16  1.242915e-16
2   -6.283925e-16  1.573200e-16  1.000000e+00 -2.506943e-16  2.801664e-16 -5.924139e-16  2.222288e-16 -2.654810e-16  4.723173e-16  2.195791e-16 -2.167349e-16  4.229904e-17  3.527435e-18 -1.923647e-17 -2.506772e-16  1.823587e-16 -7.177679e-17 -2.954048e-17 -2.922542e-16  1.918236e-16  6.520879e-17 -6.218056e-16  3.171417e-16  1.124899e-16  9.416907e-17 -1.693395e-16 -3.916451e-17 -1.155387e-16  4.346839e-17 -1.076439e-16 -1.837988e-16 -3.093393e-16 -5.563467e-17 -1.594264e-16 -1.396778e-16  1.962578e-16  3.166976e-16 -1.282661e-16  1.510583e-16 -1.382304e-16  6.309715e-17  6.249646e-17  1.102432e-16  1.977713e-16 -4.757474e-17  7.779213e-17 -1.905543e-16  1.793742e-18  5.449601e-17  2.890461e-18  8.505952e-17 -5.000843e-17  7.014889e-17  1.260463e-16 -1.432398e-17 -2.247054e-16 -1.981267e-16  7.834091e-18  4.762477e-17  5.993944e-17 -1.057495e-16 -8.254101e-17 -1.578822e-16  1.015099e-16 -4.580188e-16 -6.458126e-17 -4.853814e-17 -1.704307e-17 -7.791422e-16 -2.313447e-16  5.877123e-17  4.832672e-17 -2.508480e-16 -3.574672e-16  1.750620e-17 -7.502605e-17 -1.682144e-16  1.094226e-17  1.247848e-16  5.390210e-17  2.808700e-18  1.836652e-16 -1.307549e-16  9.077055e-17  9.192475e-18 -2.399018e-17  4.542615e-17  3.152228e-17  4.519936e-17  1.966113e-17  2.933547e-18 -7.040737e-17 -1.172297e-17  4.543834e-17  2.814147e-16 -6.662337e-17 -4.722609e-17 -1.288945e-16 -1.037716e-16  1.186887e-16 -1.143753e-16 -2.630308e-16  5.856183e-17  1.155770e-17 -2.142170e-16  4.554388e-16 -2.358013e-16  9.387052e-18  3.476799e-17  1.030363e-17  7.401920e-17 -6.491501e-18 -9.259090e-17 -2.574951e-17 -3.658215e-16  2.333171e-16  2.817029e-16  9.305842e-18 -5.317581e-17  5.227067e-17 -4.938728e-17 -2.538351e-17  7.560990e-18  1.278930e-17 -3.299335e-18 -6.080297e-17  4.234887e-17 -5.765878e-17 -1.492105e-16 -3.398688e-17 -3.828918e-17 -2.077063e-17  1.006323e-17  4.190759e-17  8.483212e-17  2.982930e-17  1.234875e-16 -4.341857e-17 -1.562980e-16 -3.400585e-17 -3.579634e-17 -7.670842e-17 -3.870234e-16  3.478230e-17  3.933024e-18  7.835418e-18 -6.670151e-17  1.472436e-17 -4.245624e-16  3.917382e-17  1.457113e-16  4.198313e-17  1.903532e-16 -1.726919e-17  7.049617e-17 -6.723923e-17  2.252359e-16 -1.043354e-17  1.832276e-16  7.380567e-17  6.134992e-17  2.999612e-16 -5.883197e-17 -4.861385e-17  3.060075e-17  9.112249e-17  3.975839e-17  4.230099e-17 -8.271739e-17 -4.671102e-17  1.427307e-17
3   -7.976895e-16  2.161840e-16 -2.506943e-16  1.000000e+00  3.629574e-17 -5.687941e-17  2.369838e-16  5.579817e-16 -1.377637e-16  2.968645e-17  7.503771e-17 -5.197676e-17  2.320628e-16 -4.990990e-17 -1.578781e-16 -4.316510e-17 -3.124448e-16  1.074112e-16 -3.727616e-16  1.704178e-18  3.173783e-16  5.054542e-17 -3.467398e-16 -2.372512e-16  1.213729e-16  5.962025e-17  3.214254e-17 -1.290149e-16 -2.771035e-17  2.274872e-16 -4.144180e-16  2.360690e-16 -1.674578e-17 -4.370768e-16  3.111864e-17 -4.657096e-18 -1.676516e-18 -6.487303e-17  2.246407e-17 -1.702292e-16 -1.392835e-16  5.395958e-17  7.998214e-17 -1.527386e-16 -1.439912e-16 -1.323258e-16  1.749977e-17 -5.626613e-17 -1.458723e-17 -1.440870e-17 -1.404574e-17  4.333577e-18  8.736915e-17  3.945511e-17 -2.047383e-16  2.648136e-17  1.389475e-18  2.844046e-17 -3.415249e-17 -2.709457e-17  9.567325e-17 -3.407766e-17 -8.644428e-18 -1.973626e-16  1.568147e-17 -1.507972e-16 -1.106344e-16 -3.000966e-16  3.393833e-16  1.115342e-16  6.124217e-19 -2.346975e-16  9.446034e-17  1.452427e-17 -3.134509e-16  5.337453e-16  1.146088e-16  1.045527e-16 -2.811514e-17 -1.308672e-16 -1.688747e-17  8.378933e-17  1.888671e-16 -4.809388e-17 -2.761218e-17  4.082214e-17  8.306259e-18  8.723839e-17 -1.818040e-16  1.701707e-17 -4.513388e-19  3.143532e-17 -6.690422e-17  2.781204e-17 -1.996649e-16  1.905436e-19  9.283794e-17  4.186783e-17  6.015913e-17  3.423641e-17  2.838880e-17 -8.222340e-17 -5.879150e-17 -1.014387e-16 -3.522823e-17  5.361520e-18  3.965420e-17 -1.892944e-17  2.317330e-17  2.996505e-17  5.519562e-17 -6.102933e-17 -2.819918e-18 -4.710436e-20  1.508590e-16  7.258042e-17  8.841110e-18 -7.920794e-18 -6.931994e-18  4.815420e-18 -1.960575e-16 -1.428772e-16 -3.471096e-18 -4.918064e-18  2.266052e-17 -9.650140e-17  8.101659e-18  2.540919e-16 -2.041794e-17  1.167417e-17 -9.529636e-17  1.492008e-17  3.246326e-17  6.089877e-17 -2.472018e-17 -7.801474e-17  8.130140e-17 -6.505290e-17  1.082497e-17 -1.743108e-17  4.156763e-17  1.738969e-17 -1.072282e-16  4.492286e-17  6.220836e-19  1.923010e-18  1.214502e-19 -2.298662e-17 -8.713583e-17 -1.108999e-18  1.097129e-16 -6.577066e-17  5.370977e-17 -1.174486e-17  5.421805e-17 -1.244375e-17 -5.525055e-18 -2.359312e-17  1.770515e-17  7.747415e-17 -2.194347e-17 -1.018098e-16 -1.491836e-17  3.051269e-17 -6.676352e-17  3.543756e-17 -1.270429e-18  1.086515e-17  6.550507e-18 -5.208864e-17 -3.358957e-17
4    7.974246e-17  1.606782e-16  2.801664e-16  3.629574e-17  1.000000e+00  1.443711e-16 -1.330067e-16 -1.483811e-16  3.721971e-16  1.183642e-16  9.658598e-18  1.396195e-16  3.234621e-16 -2.129607e-16 -3.935833e-17  1.549373e-16  5.402822e-17 -1.858882e-16  1.697748e-16 -8.237181e-17  8.047459e-17  4.731692e-16  5.395969e-17  5.101195e-16 -1.502588e-16 -2.323992e-16 -9.916108e-17 -3.292457e-17  2.803277e-16  4.793257e-17  2.787058e-16  1.829077e-16  6.179145e-17  2.936578e-17 -1.460408e-17  7.515779e-17 -8.214875e-17  9.186243e-17  2.751463e-17  8.993567e-17  1.331225e-16  1.472094e-16  9.428679e-17 -7.524431e-17 -4.569039e-18  2.853180e-17  1.243467e-16  4.867836e-17  2.596721e-16 -1.913712e-16 -8.671638e-17 -5.940779e-17 -3.007112e-16 -5.202512e-17  7.126586e-17  2.725671e-16  6.888183e-17 -8.108571e-17  9.969227e-17 -5.426041e-17 -3.442866e-18 -1.486585e-16  1.684522e-16 -9.431990e-17  2.828066e-17 -5.097166e-17  6.563282e-18  4.535177e-18  8.819116e-17  4.125575e-18 -2.584783e-17 -3.611504e-16 -1.070010e-16  1.267342e-16  8.408866e-17  1.890646e-16 -4.426995e-17 -4.084837e-17  3.801022e-17  3.971010e-17  4.656747e-17  6.464484e-17 -3.283003e-17  2.977345e-17 -3.106610e-18 -6.369239e-17  4.890059e-19 -1.709729e-16 -1.296167e-16 -1.943379e-17 -5.849810e-18 -5.487352e-17 -4.494137e-17 -7.270842e-18  1.194299e-16 -1.876925e-17  2.237784e-16 -4.767011e-17 -3.013539e-17  2.866891e-17  3.092670e-17  6.402208e-18 -2.412449e-18  4.973424e-17  1.342777e-16  9.038860e-17  1.848147e-17 -8.119033e-18 -2.555182e-17  3.315694e-17 -7.130380e-17  3.193098e-17 -1.887728e-17  6.183224e-17 -6.744122e-17  5.844286e-17 -1.077249e-17 -7.823302e-17  4.286349e-17  2.739535e-17  1.744838e-16 -5.563663e-17  1.488267e-17  2.601765e-17  3.140504e-17 -9.492526e-17  3.707146e-17  1.248243e-17  6.330628e-18 -3.058436e-17  6.937027e-18 -9.194070e-18  1.599802e-17 -4.890221e-17  3.473754e-17 -3.244756e-17  5.108449e-17 -3.392469e-18 -4.252859e-18  1.180302e-17  8.522195e-17 -4.294097e-17 -6.444034e-17 -1.101168e-17 -2.961503e-19  8.408412e-18 -1.666482e-17  3.541375e-17 -3.366300e-17  2.141531e-17 -1.397360e-16 -8.888691e-19  3.041010e-16 -8.273598e-17  4.550593e-17 -1.959008e-17 -4.935054e-17  3.346939e-17 -5.074109e-17 -7.628709e-17 -7.324121e-17  1.935983e-19 -2.987398e-17  3.400955e-17 -6.133908e-17 -2.062140e-17 -3.515505e-17  2.795738e-17 -4.325954e-17 -5.183284e-17  8.692277e-18
5   -4.378113e-16 -5.916036e-16 -5.924139e-16 -5.687941e-17  1.443711e-16  1.000000e+00  6.075706e-17 -1.561301e-16  3.237321e-16  2.030555e-16  5.275600e-17 -4.122497e-16 -5.368411e-16  3.690207e-16  2.550865e-16  4.903614e-16 -1.848926e-16  4.269506e-16  4.355029e-17  3.526436e-17 -3.785977e-17  1.293731e-16 -4.078309e-16  1.123717e-16 -1.488156e-16 -3.401004e-17 -3.209037e-16  7.170686e-17 -8.159050e-17 -4.749760e-17 -7.484525e-17  4.275109e-16 -1.503013e-16  6.691596e-16 -6.539973e-17 -2.185617e-16  4.734196e-17 -9.979662e-17  6.486656e-18  1.488555e-17  2.617465e-17  1.260639e-17  6.911120e-17 -1.268785e-17  6.060342e-19 -2.968100e-17 -1.384415e-16 -3.495405e-17 -1.227488e-16 -1.319985e-16  2.130005e-16 -1.293793e-16  2.230832e-16 -7.417804e-17  1.001653e-16 -6.500286e-17  2.697751e-16 -4.275384e-18  1.650730e-16 -1.382563e-16  3.882512e-17  2.216486e-16 -9.707044e-17 -1.401537e-16 -9.478136e-17  8.265315e-18 -2.268284e-16  2.970067e-17 -4.816974e-16  2.182591e-17  1.603378e-16  6.520880e-17 -2.391655e-16 -1.973618e-16 -1.534414e-16 -1.297170e-16  2.353451e-16  5.619959e-17  9.760250e-17 -2.319976e-16 -9.072659e-18  3.702532e-16  5.715151e-17 -4.771328e-18  1.521768e-17 -1.054414e-16 -5.371994e-18  9.103103e-17 -1.405726e-16  2.678296e-18  1.765978e-17  6.561811e-17  2.013571e-16  4.712091e-17  6.243723e-17  2.024483e-17  3.484306e-16 -4.085032e-17  6.181452e-17  9.935388e-17  1.571141e-16 -1.661103e-16  1.809329e-17  5.364986e-17 -7.089755e-18 -2.197313e-16  1.610223e-16 -9.133385e-18 -1.078477e-17 -1.424309e-16  4.501105e-17  4.272957e-18 -6.976095e-17 -3.563627e-17 -2.141054e-16 -1.467909e-16  7.640374e-17  7.889916e-17 -1.361887e-17  2.139845e-17  1.866973e-16  9.621158e-17 -2.764269e-17 -1.404373e-17 -2.381319e-17  1.585978e-17  3.480150e-17 -8.618220e-18 -2.241292e-17 -9.892664e-18 -1.011794e-16  3.347181e-17 -2.636913e-18 -1.019090e-17  1.829816e-17 -9.978708e-17 -7.330201e-17  2.403075e-17 -4.128282e-16 -9.171055e-17  1.385282e-16  5.704320e-17 -4.794224e-16 -6.717373e-18  1.043355e-17  2.940744e-17  2.871890e-16  3.775519e-17  2.707435e-18  5.887823e-17 -4.637738e-17  5.271773e-19  6.943798e-17 -2.761254e-18  1.303166e-17 -2.614995e-17 -1.079447e-16  2.832226e-17 -7.879765e-17  1.036284e-17 -1.128424e-16 -2.177169e-18 -4.413230e-18  1.952293e-17 -1.023885e-16  1.602938e-17 -6.316747e-17  7.234987e-17  4.930284e-17 -6.988605e-17 -3.765052e-17
6   -1.433025e-15 -7.661005e-17  2.222288e-16  2.369838e-16 -1.330067e-16  6.075706e-17  1.000000e+00 -4.230995e-16 -5.585306e-16  2.799589e-17  2.950658e-16 -4.464158e-16 -4.384240e-16 -3.760698e-16  4.361322e-17  1.863769e-16  1.460270e-16  1.139213e-16 -1.560775e-16  4.317927e-18  2.003517e-16  2.167466e-16  1.215475e-16  2.768420e-16 -9.597925e-19 -4.685500e-17 -8.402090e-17 -2.682223e-17  1.545901e-16  1.428406e-16  2.154471e-16  1.824068e-16 -8.431004e-17  2.881263e-16 -8.310557e-17  1.610788e-17  5.181710e-16  2.167865e-16 -1.440605e-16  2.367796e-16  1.665841e-16  2.052477e-16  7.705311e-18 -2.924935e-16  2.553299e-16 -3.366385e-17 -2.481217e-16 -2.546165e-17  9.426309e-17  1.109939e-16 -5.386676e-17 -4.344763e-17  2.587682e-16 -2.751210e-16  5.696497e-17  7.386754e-17  5.267940e-16 -5.846414e-17 -7.623965e-17 -2.312933e-16  5.404556e-16  1.169809e-16  1.921422e-16  2.448337e-16 -5.820616e-17 -3.048051e-17 -3.218396e-17 -1.258476e-16 -6.960356e-16 -3.082868e-17  3.258741e-16  1.209546e-16  1.529926e-16  6.871213e-17  3.373193e-17 -2.011856e-16 -8.710242e-17 -1.228526e-16 -7.696624e-17  6.770455e-17  1.528329e-17  7.261200e-16  5.459808e-17 -8.715185e-17 -7.850287e-18  2.717686e-17 -2.737149e-17  3.719267e-17 -2.028604e-16  8.994582e-19  3.316954e-17  1.289931e-16  2.982502e-16 -1.554507e-17 -4.063856e-17  2.636990e-17 -9.576233e-17 -1.230009e-16 -3.149816e-16  2.528903e-18 -2.427745e-16  1.449854e-16 -5.910519e-17 -3.651732e-16  1.715164e-16  4.305490e-16 -3.947083e-17 -6.967787e-18  5.443948e-18  1.492711e-16 -5.491617e-17 -5.303119e-18 -8.252573e-17  7.089601e-17 -7.656044e-17  1.034782e-16  1.679468e-16  1.502149e-16 -3.878706e-17  4.318257e-17 -2.079051e-16 -7.586300e-17 -3.175469e-17 -5.377381e-17 -3.999469e-17 -1.156920e-17  1.395578e-16  6.698642e-17 -4.751145e-18 -1.863238e-17 -2.766428e-17  6.324913e-17 -5.553969e-18 -2.203808e-17 -1.379166e-17 -1.894453e-16  1.014133e-16 -1.580458e-16 -1.008834e-16  5.787117e-17  1.101232e-16 -1.361277e-16  7.168692e-17 -1.782745e-17  1.302425e-17 -1.607002e-17 -9.745323e-17 -3.188179e-17 -1.242477e-16 -1.452898e-17 -3.462368e-17 -2.512845e-17 -1.606467e-18  8.410183e-17 -1.340931e-16 -2.751378e-17 -4.466863e-17 -1.272263e-17  7.139013e-17  7.890114e-17 -3.071957e-16  5.877405e-17 -5.167777e-18 -1.789342e-16  7.709617e-17  1.339971e-17  1.321895e-16 -1.903296e-17 -3.814050e-17  4.721873e-17 -3.813990e-17
7    1.075964e-15 -3.978634e-16 -2.654810e-16  5.579817e-16 -1.483811e-16 -1.561301e-16 -4.230995e-16  1.000000e+00 -1.549095e-15  1.126766e-16  4.467033e-16 -3.011630e-16 -2.455580e-16  1.960267e-16  4.229256e-17  2.913730e-17 -2.111611e-17 -9.316508e-16  1.428054e-16  7.883962e-17 -4.526221e-17  2.403980e-16 -7.354976e-17 -3.479755e-17 -1.765180e-16 -5.305946e-17 -5.590467e-16 -1.383371e-16 -7.570758e-17 -3.058994e-16  2.849186e-16  2.717311e-16 -1.853819e-16 -4.125024e-16 -4.374360e-17  3.327616e-16 -4.779800e-18 -1.788055e-16 -2.447096e-17  4.910111e-17  1.178411e-17  2.473565e-17 -8.579837e-16 -1.000528e-16 -5.509062e-16  6.171471e-17 -5.806313e-17 -6.316573e-17  2.852019e-16  1.330801e-16  1.223105e-16 -8.555011e-17  2.911551e-17 -2.186377e-16 -1.354118e-17 -1.321935e-16  2.148255e-16 -8.642246e-20 -1.484840e-16  9.788661e-17  9.649186e-17 -4.555887e-17  5.816247e-17 -2.818014e-17 -1.597226e-16 -1.614137e-16 -3.587890e-17 -8.158003e-17 -4.283567e-18 -3.953719e-17  3.632406e-16 -9.757394e-17 -2.087290e-16 -2.051986e-16  1.361034e-16 -1.066725e-16 -3.389761e-16 -8.380241e-19 -1.909694e-17  8.538692e-17 -4.639845e-19 -7.132769e-16 -4.413869e-17  2.670991e-17 -1.006795e-17 -1.266074e-16  9.194595e-17 -9.024181e-17  1.060712e-16  3.827032e-17 -6.714640e-17  9.032145e-18 -6.004914e-18 -6.741539e-17  6.412716e-18  2.983257e-19 -6.220565e-17 -2.419336e-16 -4.689412e-17 -7.325305e-17  1.679581e-16  6.711155e-18  5.063710e-17  1.734570e-16  4.978186e-17 -4.773966e-17  5.779808e-18  1.814108e-17  9.849550e-18  1.208781e-16  7.486438e-18 -5.124060e-18  6.970167e-17 -1.033889e-16  9.611641e-17  3.724689e-16 -3.814815e-16 -9.142402e-17  4.340809e-17  1.093199e-16 -8.872757e-18 -1.613576e-17  6.790741e-17 -6.490828e-18 -7.354588e-17  3.996288e-17  1.638689e-17 -4.118422e-17  9.426197e-17 -1.089623e-17  5.222390e-17 -2.318605e-17 -6.382694e-18  6.245126e-18 -2.042449e-17  1.478957e-17  8.183347e-18 -9.595876e-17 -7.457856e-17  2.851578e-17  9.304774e-17  9.743025e-19  1.405747e-16  6.199021e-18  5.106400e-18 -2.365810e-18  2.493186e-17  1.436817e-18 -6.501102e-17  3.442228e-17  3.399335e-17 -8.966543e-17 -3.163658e-16  1.287397e-17  3.794384e-17  1.559409e-17  3.727756e-17 -6.463921e-18  1.335118e-16  1.016036e-16 -8.480735e-17 -6.490070e-17  2.395020e-17 -8.194743e-18 -2.709193e-17 -1.508046e-17  4.802926e-17  7.792208e-17  8.422711e-17 -9.641273e-17 -6.936246e-17
8   -2.927318e-16  3.686561e-16  4.723173e-16 -1.377637e-16  3.721971e-16  3.237321e-16 -5.585306e-16 -1.549095e-15  1.000000e+00 -2.121586e-15 -8.850870e-16  2.145327e-16  2.614825e-16 -4.838736e-16 -2.266877e-16  2.712367e-16  4.615285e-16  2.030689e-16  6.923009e-16  3.560599e-16  6.007898e-17  7.164350e-17 -1.617174e-16  4.178927e-16  7.858044e-18 -1.804261e-16 -6.562993e-17 -8.980399e-17 -1.145589e-17 -9.629779e-17 -5.173361e-17  5.002686e-16 -1.031823e-16  6.681046e-18 -2.920423e-17 -2.200782e-16  7.724581e-17 -6.676295e-17  5.182919e-17 -3.659476e-17  1.424867e-16 -1.026979e-16 -4.442225e-17 -2.402360e-17 -2.621406e-16  1.212431e-18  3.741752e-17 -8.174416e-17  8.300828e-17  6.592842e-17  1.446988e-16  1.179897e-16 -2.979406e-16  6.753428e-17  1.864421e-17 -2.213106e-16  9.430608e-18 -1.087120e-16  2.136360e-16  1.241001e-16 -1.498862e-16 -1.748303e-16  8.094211e-17 -1.772497e-17  1.496638e-16 -1.327564e-16  6.012098e-18 -4.007316e-18 -1.479635e-16  7.229347e-17  5.500830e-17 -6.165986e-17  1.482043e-16  8.662292e-17 -6.862859e-17  5.752113e-18  4.835349e-16 -5.169923e-18 -8.852343e-17 -1.463183e-16  3.937646e-18 -4.896948e-16  4.438457e-17  1.323358e-17  1.479957e-17 -8.207819e-17  7.339140e-17  8.373206e-17 -5.023400e-17  1.304218e-17  1.088342e-17  5.904737e-17 -1.606183e-17  5.652170e-17 -3.463765e-18 -8.600764e-17  7.488519e-17  4.532475e-17  1.271435e-16  1.953083e-17  1.181267e-16 -2.134303e-17  1.611661e-16  3.166717e-17 -4.918859e-16 -1.499730e-16  2.311538e-16 -1.631775e-17 -3.297758e-17  1.067648e-16  5.379029e-17  3.214858e-17 -6.207466e-17 -2.013526e-17 -3.013597e-16  2.538712e-17  1.699745e-16  1.817440e-17  4.020284e-17 -1.062650e-16  9.782801e-17  3.526995e-17 -2.797596e-17 -4.267132e-17 -3.888956e-17 -6.055947e-17  4.600989e-17  8.467389e-17 -2.222876e-17 -1.588098e-17  3.919805e-17 -6.872841e-18  1.470505e-17 -3.292777e-17  4.279439e-17  2.590621e-17  1.123379e-16  3.862943e-16  1.739899e-16 -4.467514e-17 -1.668532e-16  2.406365e-17 -1.557324e-16 -1.042087e-17  1.075589e-17  3.821741e-18 -1.154343e-16 -5.180959e-18  9.880093e-17 -2.903400e-17  1.622182e-17  1.875664e-17  6.354950e-17  4.120752e-17 -7.891301e-19  2.886066e-17 -2.130606e-16  7.770074e-18 -5.374404e-17  3.725664e-16  4.819395e-16 -1.092465e-16  2.607265e-19 -1.529413e-16  4.003527e-17  2.426668e-17  1.250097e-17  2.685813e-18  6.782401e-19  1.766945e-16  1.640535e-17
9   -3.750621e-16 -3.130868e-16  2.195791e-16  2.968645e-17  1.183642e-16  2.030555e-16  2.799589e-17  1.126766e-16 -2.121586e-15  1.000000e+00 -1.217832e-15  1.446908e-16 -3.722336e-17 -4.656772e-16  1.306137e-16  3.005037e-16 -2.292901e-16  1.531745e-16  2.406427e-16  2.774498e-16  5.056663e-16 -3.998224e-16 -2.911965e-16  4.886044e-17  3.426932e-16 -1.194173e-16  1.160783e-16 -1.978660e-16  3.714908e-16 -5.063402e-16 -7.168312e-16 -6.348556e-16 -1.385474e-17  8.415240e-17 -2.486311e-17  1.804934e-16 -4.903677e-16  2.529670e-16 -9.032795e-17  2.288349e-16 -1.064952e-16  4.756767e-17 -3.118961e-16  3.576942e-17 -9.623890e-19 -4.722718e-17  5.826504e-17 -3.364945e-17 -2.431085e-16  4.142334e-16 -1.999383e-16  2.943244e-17  6.653786e-16 -3.540918e-17  2.045650e-16 -1.948580e-16  4.487884e-17 -5.522515e-18 -1.728000e-16 -9.333299e-18  1.756798e-16 -1.615844e-17  9.450067e-18 -2.312623e-17 -3.080017e-17  9.944570e-17  1.344071e-17 -4.126390e-17  4.727259e-16 -1.206586e-16  6.142580e-17  3.092767e-17  2.648173e-16 -3.277214e-16  2.483607e-16  2.641136e-17  1.270964e-16  4.260639e-16  2.577128e-17 -6.875140e-18  1.190033e-18 -2.367036e-16  6.928299e-17 -1.655499e-17  1.811065e-17  1.100606e-16  5.670193e-17 -6.047213e-17 -1.785376e-16  6.683254e-17  8.108673e-17  1.952510e-17  6.528684e-17  4.850654e-17 -3.529802e-17 -9.648554e-17  2.090416e-16  2.034388e-18  2.355185e-17  1.733594e-16 -1.551409e-16 -8.876370e-17 -8.303980e-17 -4.864082e-17  1.505971e-16  7.568993e-17 -7.936183e-17  4.758869e-17 -2.346060e-17  1.289963e-16  2.508006e-16  5.165966e-17  4.385664e-17  3.627699e-17 -4.069775e-17  1.695266e-16 -8.008361e-18 -1.111721e-16  6.793089e-17  8.185302e-17  1.106331e-17 -1.090351e-16  1.146972e-17  3.259785e-17  5.809505e-17 -3.985632e-17  1.171471e-18  1.456786e-17 -1.144860e-17  1.637046e-16 -3.460296e-18 -1.922248e-17  2.077491e-17 -1.400806e-17  7.852312e-18 -1.629531e-17  2.773959e-16  3.233446e-16 -2.005601e-16 -1.566507e-17 -7.263981e-17  4.276780e-17  7.017437e-17 -1.681331e-17 -3.326953e-17  1.784125e-17  1.541104e-16  3.119398e-17 -6.921328e-18 -4.801965e-17  1.037544e-16  9.033921e-17  5.032601e-17 -1.897791e-18  2.762406e-17  2.795992e-17 -1.226729e-17 -6.473964e-18  9.680207e-17 -2.178350e-16  1.026188e-16 -1.083024e-17 -3.558477e-17 -5.370221e-17 -2.074338e-18  9.735854e-17  2.789878e-17  1.436736e-17 -2.081888e-17  1.056723e-16 -4.530064e-18
10  -2.475710e-16 -5.160324e-16 -2.167349e-16  7.503771e-17  9.658598e-18  5.275600e-17  2.950658e-16  4.467033e-16 -8.850870e-16 -1.217832e-15  1.000000e+00  1.452743e-16  4.940672e-16 -4.965433e-16  7.460293e-16 -2.877778e-16  9.584261e-17  4.610974e-16 -3.814451e-16  4.218470e-16  4.603967e-17  9.488579e-16  2.124846e-16 -4.411124e-16  1.143300e-16 -2.683134e-16  1.223359e-16  1.192232e-16 -1.744636e-17 -1.491777e-16  3.285599e-16  6.104047e-16 -3.397005e-17 -3.475917e-16  3.775202e-17  1.455265e-16 -2.084107e-17 -2.414188e-16  1.034716e-16 -5.064605e-17  3.058386e-16 -2.307402e-16  2.911231e-16  1.053717e-16 -1.125895e-16 -1.000904e-16 -6.241169e-17  3.419418e-17  1.401736e-16  5.366135e-16 -5.453202e-17 -1.967865e-16 -2.442937e-16  9.666705e-17  1.838609e-16 -3.468251e-16  4.888416e-18  1.214861e-16 -1.179160e-16  1.067243e-16 -6.714383e-17 -1.908976e-16 -3.507587e-16  8.282660e-17 -3.509221e-16  3.587160e-17 -5.872642e-17  5.467501e-17  3.103248e-16  3.964838e-17  1.251720e-16 -7.316931e-17  3.351145e-17  2.154616e-16  1.715476e-16 -2.916012e-16 -1.055702e-16 -3.666212e-17 -1.468032e-16  1.494574e-16 -2.445227e-18  2.978916e-16 -2.589761e-17  7.440928e-17  2.983492e-17 -2.655277e-16 -2.705153e-16 -4.132003e-17 -4.268545e-16 -7.013380e-17 -1.654478e-17 -3.341611e-17  1.255938e-16  2.829913e-17  3.188302e-16  5.514618e-17 -6.591370e-17  3.723222e-17 -8.676739e-17 -1.396927e-16  5.504663e-17 -7.850859e-17  2.703050e-17 -5.348220e-17  1.951416e-18  1.651511e-17  1.017740e-16 -2.852737e-17  5.605150e-17  1.975430e-17  4.502381e-17 -1.080330e-17  1.797190e-16 -7.438177e-17 -2.976548e-17  6.619237e-17  4.586588e-17  7.821688e-17  2.370066e-17  5.122799e-17 -1.695964e-16  3.189470e-17  1.379179e-16  8.437951e-17 -3.067174e-17  1.209169e-16 -4.048290e-17  4.347995e-17  6.767324e-17 -6.946202e-17  2.666615e-17  1.256233e-17  9.196063e-18 -2.630651e-17  1.639704e-17 -3.589237e-17 -2.062082e-18  2.139405e-17  9.072705e-17  1.930018e-17  1.935981e-16 -4.491934e-17  4.396737e-16  1.041920e-17  6.969494e-18  1.457539e-17  3.750729e-17  3.888698e-17  1.246810e-16  7.563428e-18  1.986166e-17  3.934454e-17 -2.447609e-16  1.101641e-17  6.493677e-17 -1.632783e-17  4.513641e-19  1.061832e-17 -7.987446e-17 -1.792582e-16 -3.914945e-16  1.483017e-16 -7.123876e-17  1.363003e-17  1.207749e-17 -2.427983e-17  6.795496e-17 -7.477338e-18  1.644328e-18 -1.614894e-17  6.791993e-18
11  -4.783515e-17 -3.178521e-17  4.229904e-17 -5.197676e-17  1.396195e-16 -4.122497e-16 -4.464158e-16 -3.011630e-16  2.145327e-16  1.446908e-16  1.452743e-16  1.000000e+00  1.722929e-16 -5.977401e-16  1.019932e-16  9.898490e-16  1.024242e-15  1.190649e-16 -4.120131e-18  3.070049e-16 -3.286483e-16 -1.492833e-16  3.914626e-16  2.988029e-16 -2.562689e-16 -4.160335e-17 -2.360308e-17  2.131652e-16 -3.495314e-16 -2.749708e-16 -6.548495e-17  1.234072e-16 -6.372690e-17  1.068717e-16 -4.673720e-17 -1.562762e-16 -6.980871e-17 -5.559895e-17 -8.312343e-17  8.407011e-17 -3.115373e-17  5.308977e-17  3.077510e-17 -9.287588e-17 -1.284342e-16 -1.608143e-16  1.667288e-16 -1.551984e-16 -1.608530e-16  1.005168e-16 -1.048957e-16  3.886555e-17 -1.744909e-16  2.239847e-16  6.300933e-17 -4.738944e-17  8.901920e-19  2.695389e-17  1.056077e-18  6.580126e-17  4.340211e-16 -6.348320e-17 -1.197176e-16  7.163460e-17  1.358360e-16  1.340295e-17  1.014603e-16  1.116571e-17 -1.639275e-16 -1.482985e-16 -7.454319e-17 -1.218480e-16  1.391522e-16 -1.622477e-16 -2.742906e-16  1.908247e-16 -1.278542e-16 -3.825805e-17  1.151193e-17 -5.011809e-17  6.001448e-18 -2.851346e-17  4.059982e-17 -1.397960e-16  1.080396e-16 -1.717313e-16  5.567247e-17  5.307841e-17 -7.994286e-17 -1.029749e-16  2.216319e-17  1.667802e-17 -6.225323e-17  1.819243e-16 -9.285016e-17 -1.402105e-17 -1.612680e-17  5.589048e-17 -1.902098e-18 -4.870318e-16  3.317176e-16  5.481487e-18 -1.840318e-16 -5.557736e-17 -5.913419e-17 -1.979622e-16 -1.438938e-16  1.372092e-17  3.164572e-17 -4.295890e-17 -2.425747e-17  3.977976e-18  1.055773e-17 -8.642199e-17 -2.462521e-17  1.850373e-17  1.629681e-16 -4.915983e-17 -1.075779e-17 -4.414855e-17 -5.951302e-17  2.896965e-17 -6.140467e-17 -1.930065e-17  1.710849e-17  2.828833e-16  6.931406e-17  2.541145e-17 -9.267407e-17  5.952774e-17  3.175831e-17  5.025307e-17  2.144560e-20 -1.367466e-16  2.521071e-17 -9.397133e-17  2.396502e-16  6.706949e-17 -1.634885e-17  7.922725e-17  3.540623e-16 -4.371568e-17  6.949815e-17  1.484416e-17  3.602747e-17  1.882550e-18  2.980920e-17  2.934291e-17 -5.574978e-18  5.865849e-17  5.209211e-19 -4.989783e-17  8.211807e-17  2.191464e-17 -2.518086e-18  5.756684e-18 -2.161231e-17  9.375461e-19 -3.965836e-18 -1.214857e-16  9.248315e-17  3.014559e-17 -2.304273e-17 -2.631713e-16 -3.280549e-17  6.754396e-17  2.831174e-17 -3.980954e-17 -3.698676e-17 -9.112291e-17 -4.221356e-17
12   1.656618e-16 -4.261982e-16  3.527435e-18  2.320628e-16  3.234621e-16 -5.368411e-16 -4.384240e-16 -2.455580e-16  2.614825e-16 -3.722336e-17  4.940672e-16  1.722929e-16  1.000000e+00 -3.644728e-16  2.104009e-16  1.265211e-16  5.478075e-16 -3.005285e-16  3.663226e-17  4.905636e-17  4.956918e-17  1.399715e-16  5.625023e-17 -1.626389e-16 -6.273228e-16 -1.648436e-16 -8.768090e-17 -8.275139e-17 -7.069145e-17 -1.131378e-16  1.203217e-16 -2.159662e-16 -1.346560e-16 -1.387410e-15 -9.994332e-17  9.103247e-17 -8.718182e-18  2.903575e-17  3.572807e-17 -6.848840e-17 -2.120458e-16  5.664533e-16  7.553764e-18  5.099126e-17  3.336275e-17  3.189463e-17 -1.676658e-16 -8.196874e-17  3.221067e-17  2.755089e-16  6.214314e-18 -4.348603e-17  5.635851e-17 -3.099382e-16  3.972501e-17  7.841700e-18 -5.825415e-17 -9.109543e-17  2.376042e-17 -7.772663e-17  3.913083e-16  2.063544e-17 -2.081488e-16  8.619162e-17  2.853597e-16  1.299196e-16  1.017024e-17 -1.133014e-16  8.662598e-17 -3.383113e-17 -4.538445e-17 -9.507678e-17  3.965381e-16  7.958681e-18  5.946599e-17  1.663575e-16 -1.263811e-17 -2.110331e-16 -9.054077e-17  1.652736e-16  8.252077e-18 -5.821973e-17  1.779445e-16 -1.227115e-16 -3.464607e-18  1.786433e-17  2.863576e-17  2.163701e-17 -1.256507e-16 -2.855878e-17 -5.980242e-17  3.571839e-18 -1.548810e-16  1.878110e-16 -4.103883e-18  4.294836e-17 -2.245228e-16  2.545745e-17  5.971096e-17  4.000786e-17 -2.576728e-16 -1.861956e-16  1.429610e-18  7.057192e-17  1.154105e-16 -1.262418e-16  1.383865e-16 -8.072765e-19  4.570458e-19 -1.981124e-16 -6.163229e-18 -1.581546e-17 -4.368119e-17  5.267429e-17 -1.033409e-16  3.590465e-17 -1.360078e-18  3.903825e-17 -5.466097e-17 -2.784803e-19  8.042251e-17  1.195578e-16  5.067230e-17 -6.025319e-17  1.226600e-17  3.744178e-17 -9.381342e-18 -4.560116e-17  5.540732e-17  4.040689e-17 -1.004387e-16 -1.973717e-17  4.402915e-17 -1.023651e-17 -4.834535e-18 -5.736760e-17  1.386093e-16  1.048851e-16  9.078489e-17 -2.196596e-17 -2.359241e-16  6.634669e-17 -4.541557e-17 -1.342674e-17  1.721783e-17 -1.515710e-17  1.475689e-16  3.916217e-17  5.291398e-17  9.287042e-17  6.365710e-17  1.529708e-17  1.089695e-16 -3.321477e-17  2.721610e-17  1.201552e-17 -8.928630e-17  2.310069e-17  2.565326e-18  5.742853e-17 -3.846998e-17  1.090708e-16  2.768949e-17  8.925083e-17 -6.805598e-17 -2.570111e-16  1.176282e-16  2.312548e-17 -4.833220e-17 -5.504349e-17  1.300071e-17
13  -2.804967e-16 -5.291052e-16 -1.923647e-17 -4.990990e-17 -2.129607e-16  3.690207e-16 -3.760698e-16  1.960267e-16 -4.838736e-16 -4.656772e-16 -4.965433e-16 -5.977401e-16 -3.644728e-16  1.000000e+00 -6.814430e-16 -3.402609e-16  2.110413e-16 -4.049179e-16 -3.970615e-17 -1.753646e-16 -3.020517e-17  4.554718e-16  3.566548e-17  4.362970e-16  8.736199e-16 -9.945896e-16  9.005750e-17  7.352946e-18  3.673596e-16  1.284275e-16  6.859424e-17 -1.655266e-16  7.196271e-17 -2.650473e-16  1.802762e-17 -2.593572e-16 -4.500123e-17 -2.738451e-17 -1.518415e-16  2.177971e-16  1.930598e-16  5.841543e-17  1.022981e-16 -7.717786e-17 -4.151754e-16  1.939429e-17  2.732033e-16  7.822695e-17 -1.461402e-17  1.292490e-16 -4.748230e-16 -2.640180e-16 -5.088710e-17 -1.073370e-16 -3.026786e-17  8.375916e-17 -8.092528e-18  2.756730e-16  1.130409e-16  4.959396e-17 -1.451756e-16 -1.264700e-16  1.966690e-17 -1.309622e-16  7.118737e-16 -3.800129e-17 -6.900570e-17 -1.273317e-17  7.558731e-17  1.761815e-16  1.225830e-16  2.941452e-16  4.928581e-17 -2.285932e-16 -5.148737e-17 -2.458149e-16 -4.526545e-16 -7.739583e-17 -1.608197e-16 -9.981361e-17  2.713013e-18 -2.150750e-16  1.295038e-16  1.399778e-16  3.922541e-17  1.019954e-16 -1.205054e-16  6.370196e-17  4.319021e-17  3.522499e-18 -4.541967e-17 -5.261575e-17 -2.774081e-17  9.875219e-17  9.223255e-17 -7.199060e-18  2.923044e-16 -1.868907e-16 -6.246281e-17  6.596627e-17  1.099003e-16 -1.037102e-16 -2.779312e-17 -8.243260e-17  1.763028e-16 -6.502625e-18 -3.674363e-17  1.680686e-18  1.988132e-17 -9.839522e-18 -3.773095e-18 -1.392674e-17 -4.824250e-17 -6.914137e-17  3.243543e-17  2.379596e-17 -3.041860e-17 -1.187389e-17 -1.663214e-17 -1.181242e-16  3.506276e-16 -4.170725e-17 -6.029457e-17 -4.346158e-17  2.559038e-17 -1.769052e-17 -7.407824e-19 -4.353818e-18  1.709466e-17  7.865658e-17 -1.921090e-17 -5.768592e-18  1.785532e-17 -1.420171e-18 -2.783852e-17  5.880831e-19 -6.924333e-17  7.655202e-18  8.408860e-17  5.967136e-18  3.653279e-16 -6.327547e-17  5.554717e-17 -9.775078e-18 -4.554584e-17 -5.024418e-18  7.583578e-17 -4.012804e-17  1.062591e-16 -8.254483e-17  4.833191e-17  9.455439e-18  8.552363e-17 -2.100791e-18 -3.156642e-18 -1.427456e-17 -6.020992e-17 -8.995015e-17 -7.473593e-18  1.683063e-17 -1.121110e-16 -1.447034e-16 -1.090987e-17 -1.936043e-17 -4.476198e-17  2.033668e-17 -1.855585e-17 -9.832907e-17 -4.163076e-17 -1.834354e-17 -2.360930e-17
14  -3.335307e-16 -1.778625e-16 -2.506772e-16 -1.578781e-16 -3.935833e-17  2.550865e-16  4.361322e-17  4.229256e-17 -2.266877e-16  1.306137e-16  7.460293e-16  1.019932e-16  2.104009e-16 -6.814430e-16  1.000000e+00 -9.788673e-17  1.884709e-17 -3.237849e-16 -4.222410e-16  4.243738e-17 -2.422348e-16 -1.081058e-16 -5.024937e-16  1.044572e-16 -2.013127e-16  1.028059e-16 -8.220683e-20 -3.494853e-16 -2.131608e-16  1.276281e-16  4.496427e-16  7.437492e-17 -1.249660e-16  5.044900e-16 -4.620224e-18  2.021219e-16  1.974285e-16 -1.126399e-16 -7.110357e-17 -4.434695e-17 -1.533084e-16 -5.757573e-17  6.187790e-17  1.083019e-16 -6.614030e-17 -2.606305e-17  2.042903e-16  2.074725e-16  2.441865e-16 -1.652630e-18  2.174541e-16 -2.059720e-16  9.784140e-17  7.107041e-17  3.061507e-16  1.263730e-16  1.383754e-16 -2.959294e-16  2.166533e-16 -3.441045e-17  3.872127e-17  5.443537e-17  8.410708e-17  1.097818e-16 -4.770943e-17 -1.220702e-16  1.621859e-17 -8.140443e-17 -2.162129e-16  5.467809e-16  2.473992e-16 -6.301622e-17 -5.357872e-17 -9.714601e-17  1.184059e-17 -9.840796e-17  1.674312e-16 -1.193345e-17 -1.178453e-16  1.773972e-16 -1.364317e-17  7.869914e-17 -1.691926e-16 -5.550653e-17  5.079522e-17 -1.851789e-16  9.836520e-18  9.619541e-17 -1.142096e-16 -3.373473e-17 -2.041119e-17  1.252415e-16  1.717685e-16  1.349434e-16 -8.280217e-17 -8.663611e-17 -2.089246e-16  2.935317e-18 -1.662980e-17 -1.185607e-16 -6.330725e-17  1.370298e-16 -3.011959e-17  7.357770e-17  4.327276e-17  6.828631e-17 -1.692351e-16 -4.170673e-17 -2.806387e-17 -9.743323e-17  1.125167e-17 -1.207293e-16  7.801064e-17  3.575627e-18 -1.338062e-16  7.004210e-18  2.529982e-17  1.755934e-16 -1.650244e-18  8.530227e-17  1.829567e-16  2.458385e-18 -2.931226e-17  2.858863e-16 -2.761703e-17  2.057457e-16 -2.095585e-17 -7.468217e-17  3.928045e-17  2.770779e-17 -2.969318e-18  1.583945e-18 -3.692915e-17  4.180135e-17 -1.660594e-17 -2.318018e-19  3.630230e-16 -1.195983e-17  6.530471e-17 -1.775005e-17  5.046978e-17  1.374767e-16  6.793932e-17 -3.642726e-17  4.284145e-19  3.199875e-18 -9.267107e-18 -1.559106e-17  1.133829e-16 -5.758355e-18  2.812923e-17  2.261754e-17 -1.118885e-16 -3.144534e-17  9.557148e-17  1.004201e-17  1.082701e-16  9.725088e-17 -2.700476e-17 -4.690734e-17  7.310679e-18 -9.579249e-18  4.807733e-17 -1.256961e-16  6.398317e-17  1.222921e-16 -2.874905e-18  2.573801e-17 -4.896842e-17 -5.926023e-17  9.116667e-17
